Generacion 0 Fitness: 425.9266666666666
------------------------------------------------------------

TD10: (cantidad de pedidos asignados 13)(12,8) (35,44) (12,8) (24,2) (12,8) (48,7) (42,20) (12,8) (57,1) (27,6) (12,8) (20,43) (65,38) (12,8) (32,28) (12,8) (55,37) (42,17) (12,8) (12,8) (12,8) (12,8) (25,44) (12,8) (12,8) (12,8) (12,8) (12,8) (12,8) (19,5) (12,8) 
TB01: (cantidad de pedidos asignados 7)(12,8) (43,16) (62,33) (58,8) (61,2) (56,10) (12,8) (12,8) (12,8) (12,8) (12,8) (12,8) (10,42) (12,8) (12,8) (12,8) (12,8) (37,21) (12,8) 
TA02: (cantidad de pedidos asignados 10)(12,8) (22,6) (62,14) (52,25) (61,40) (65,44) (12,8) (18,28) (64,28) (29,20) (40,19) (54,9) (12,8) 
TA01: (cantidad de pedidos asignados 12)(12,8) (13,44) (1,49) (9,44) (21,28) (27,13) (68,20) (56,41) (41,9) (12,8) (12,8) (28,6) (12,8) (28,0) (12,8) (41,23) (16,10) (12,8) 
TD07: (cantidad de pedidos asignados 7)(12,8) (2,4) (7,5) (12,8) (50,18) (54,30) (12,8) (17,40) (12,8) (12,8) (21,41) (12,8) (12,8) (21,13) (12,8) 
TD06: (cantidad de pedidos asignados 7)(12,8) (61,3) (43,2) (12,8) (64,28) (4,25) (12,8) (56,5) (12,8) (12,8) (12,8) (12,8) (15,19) (12,8) (12,8) (12,8) (12,8) (12,8) (12,8) (12,8) (59,48) (12,8) 
TD05: (cantidad de pedidos asignados 15)(12,8) (27,19) (12,8) (8,10) (5,0) (12,8) (1,17) (12,8) (29,26) (12,40) (12,8) (8,20) (10,16) (12,8) (67,15) (5,39) (12,8) (11,45) (51,17) (12,8) (12,8) (45,8) (12,8) (12,8) (12,8) (12,8) (62,33) (12,8) (12,8) (14,6) (12,8) 
TD04: (cantidad de pedidos asignados 6)(12,8) (46,14) (12,8) (21,35) (12,8) (48,43) (12,8) (69,21) (12,8) (55,21) (35,1) (12,8) 
TD03: (cantidad de pedidos asignados 9)(12,8) (43,0) (12,8) (42,35) (12,8) (53,26) (32,24) (12,8) (16,36) (32,42) (12,8) (12,8) (12,8) (12,8) (66,41) (12,8) (5,28) (12,8) (12,8) (6,16) (12,8) 
TC04: (cantidad de pedidos asignados 15)(12,8) (59,19) (68,25) (12,8) (53,13) (37,19) (46,45) (12,8) (50,19) (61,18) (12,8) (0,46) (9,48) (4,6) (51,37) (12,8) (19,20) (21,7) (60,9) (12,8) (12,8) (12,8) (12,8) (12,8) (2,8) (12,8) 
TC03: (cantidad de pedidos asignados 14)(12,8) (32,46) (55,35) (69,24) (12,8) (8,39) (60,41) (54,23) (12,8) (23,7) (58,8) (68,2) (12,8) (18,35) (30,29) (9,48) (12,8) (44,2) (12,8) (12,8) (12,8) (12,8) (12,8) (42,5) (12,8) 
TD02: (cantidad de pedidos asignados 17)(12,8) (58,0) (12,8) (11,40) (14,47) (12,8) (62,30) (12,8) (41,12) (12,8) (6,21) (12,8) (41,32) (12,8) (16,16) (5,13) (12,8) (55,45) (12,47) (12,8) (14,13) (12,8) (64,7) (19,10) (12,8) (12,8) (12,8) (12,8) (12,8) (12,8) (12,8) (12,8) (17,2) (12,8) (12,8) (12,8) (13,10) (17,31) (12,8) 
TB04: (cantidad de pedidos asignados 7)(12,8) (24,5) (28,7) (10,1) (47,11) (64,4) (43,33) (43,42) (12,8) 
TC02: (cantidad de pedidos asignados 6)(12,8) (9,25) (49,22) (63,20) (12,8) (66,2) (29,13) (12,8) (12,8) (12,8) (12,8) (12,8) (4,6) (12,8) 
TB03: (cantidad de pedidos asignados 9)(12,8) (28,4) (64,27) (31,27) (46,5) (62,8) (12,8) (35,36) (34,48) (8,23) (12,8) (12,8) (12,8) (12,8) (12,8) (12,8) (12,8) (12,8) (12,8) (25,26) (12,8) 
TD01: (cantidad de pedidos asignados 7)(12,8) (48,14) (62,7) (12,8) (40,31) (15,6) (12,8) (41,19) (63,3) (12,8) (12,8) (15,7) (12,8) 
TC01: (cantidad de pedidos asignados 9)(12,8) (58,47) (0,9) (12,8) (57,3) (39,5) (11,6) (12,8) (13,7) (21,5) (12,8) (12,8) (2,26) (12,8) (12,8) (12,8) (12,8) (10,44) (12,8) 
TB02: (cantidad de pedidos asignados 4)(12,8) (46,18) (56,37) (64,40) (12,8) (47,2) (12,8) 
TD09: (cantidad de pedidos asignados 11)(12,8) (47,11) (12,8) (13,23) (12,8) (20,28) (15,34) (12,8) (29,12) (12,8) (16,13) (12,8) (37,12) (56,13) (59,20) (12,8) (29,7) (12,8) (12,8) (12,8) (12,8) (15,41) (12,8) 
TD08: (cantidad de pedidos asignados 15)(12,8) (18,49) (12,8) (28,37) (16,28) (12,8) (65,2) (12,8) (46,26) (12,8) (39,49) (41,45) (12,8) (46,23) (49,26) (12,8) (63,26) (12,8) (69,45) (12,8) (5,2) (12,8) (69,49) (20,47) (12,8) (12,8) (12,8) (12,8) (12,8) (12,8) (67,31) (12,8) 
------------------------------------------------------------

Generacion 1 Fitness: 417.16
------------------------------------------------------------

TD10: (cantidad de pedidos asignados 13)(12,8) (27,6) (9,48) (19,5) (12,8) (1,49) (12,8) (23,7) (43,2) (28,0) (12,8) (65,44) (64,4) (12,8) (46,14) (12,8) (12,8) (12,8) (21,7) (12,8) (12,8) (12,8) (49,26) (12,8) (12,8) (12,8) (6,21) (12,8) 
TB01: (cantidad de pedidos asignados 9)(12,8) (8,20) (10,42) (64,28) (54,9) (10,1) (12,8) (17,2) (43,16) (21,5) (12,8) (12,8) (12,8) (12,8) (12,8) (13,10) (12,8) 
TA02: (cantidad de pedidos asignados 8)(12,8) (42,35) (55,45) (61,40) (64,28) (25,44) (55,35) (12,8) (18,28) (5,28) (12,8) 
TA01: (cantidad de pedidos asignados 9)(12,8) (9,48) (10,44) (56,41) (41,9) (28,6) (12,8) (12,8) (12,8) (29,7) (12,8) (57,3) (16,28) (12,8) (12,8) (12,8) (16,10) (12,8) 
TD07: (cantidad de pedidos asignados 9)(12,8) (58,47) (12,8) (41,23) (12,8) (62,14) (12,8) (17,40) (21,13) (12,8) (21,41) (12,8) (69,21) (12,8) (12,8) (12,8) (28,7) (12,8) (12,8) (12,8) (12,8) (12,8) (39,5) (12,8) 
TD06: (cantidad de pedidos asignados 7)(12,8) (4,25) (20,43) (40,31) (12,8) (8,23) (12,8) (42,20) (12,8) (12,8) (12,8) (12,8) (12,8) (15,19) (12,8) (12,8) (24,2) (12,8) 
TD05: (cantidad de pedidos asignados 15)(12,8) (62,33) (12,8) (62,33) (5,0) (12,8) (27,19) (12,8) (67,31) (12,8) (22,6) (12,8) (60,41) (12,40) (12,8) (2,8) (8,10) (12,8) (42,17) (29,20) (12,8) (43,33) (12,8) (1,17) (12,8) (12,8) (11,40) (12,8) 
TD04: (cantidad de pedidos asignados 7)(12,8) (65,38) (12,8) (66,2) (12,8) (56,5) (12,8) (47,2) (12,8) (21,28) (12,8) (12,8) (12,8) (29,26) (20,28) (12,8) 
TD03: (cantidad de pedidos asignados 7)(12,8) (66,41) (12,8) (37,21) (12,8) (15,6) (12,8) (34,48) (12,47) (12,8) (48,43) (12,8) (12,8) (12,8) (12,8) (12,8) (2,4) (12,8) 
TC04: (cantidad de pedidos asignados 12)(12,8) (2,26) (18,35) (14,47) (12,8) (50,19) (53,13) (12,8) (68,25) (37,19) (12,8) (69,24) (58,8) (59,19) (12,8) (12,8) (12,8) (0,46) (12,8) (12,8) (11,6) (12,8) 
TC03: (cantidad de pedidos asignados 13)(12,8) (47,11) (32,46) (63,26) (35,36) (12,8) (45,8) (13,7) (12,8) (62,30) (54,30) (12,8) (43,0) (28,37) (12,8) (5,39) (11,45) (12,8) (12,8) (12,8) (12,8) (12,8) (12,8) (12,8) (12,8) (12,8) (12,8) (12,8) (12,8) (17,31) (12,8) 
TD02: (cantidad de pedidos asignados 15)(12,8) (41,32) (12,8) (29,12) (12,8) (41,12) (12,8) (51,37) (12,8) (64,7) (62,7) (61,2) (12,8) (5,13) (53,26) (19,10) (12,8) (12,8) (20,47) (12,8) (19,20) (16,36) (12,8) (12,8) (58,0) (12,8) (12,8) (12,8) (12,8) (14,13) (12,8) 
TB04: (cantidad de pedidos asignados 8)(12,8) (24,5) (21,35) (31,27) (37,12) (12,8) (6,16) (32,28) (55,37) (32,24) (12,8) 
TC02: (cantidad de pedidos asignados 8)(12,8) (68,2) (61,3) (46,45) (4,6) (12,8) (49,22) (16,16) (12,8) (12,8) (15,7) (12,8) (9,25) (12,8) 
TB03: (cantidad de pedidos asignados 11)(12,8) (40,19) (41,19) (55,21) (54,23) (46,5) (12,8) (42,5) (39,49) (29,13) (13,44) (12,8) (12,8) (12,8) (12,8) (64,27) (62,8) (12,8) 
TD01: (cantidad de pedidos asignados 5)(12,8) (61,18) (12,8) (0,9) (12,8) (28,4) (12,8) (46,23) (12,8) (12,8) (12,8) (12,8) (12,8) (12,8) (7,5) (12,8) 
TC01: (cantidad de pedidos asignados 10)(12,8) (60,9) (52,25) (10,16) (30,29) (12,8) (68,20) (63,20) (56,10) (12,8) (12,8) (57,1) (50,18) (27,13) (12,8) 
TB02: (cantidad de pedidos asignados 8)(12,8) (14,6) (48,14) (64,40) (56,37) (47,11) (12,8) (13,23) (25,26) (12,8) (35,1) (12,8) 
TD09: (cantidad de pedidos asignados 10)(12,8) (16,13) (12,8) (15,34) (48,7) (12,8) (56,13) (63,3) (67,15) (12,8) (43,42) (69,45) (12,8) (35,44) (12,8) (12,8) (12,8) (12,8) (12,8) (59,20) (12,8) 
TD08: (cantidad de pedidos asignados 16)(12,8) (46,26) (12,8) (46,18) (12,8) (44,2) (12,8) (8,39) (12,8) (59,48) (69,49) (12,8) (18,49) (12,8) (15,41) (12,8) (32,42) (9,44) (4,6) (12,8) (12,8) (12,8) (41,45) (58,8) (12,8) (5,2) (12,8) (65,2) (12,8) (12,8) (12,8) (51,17) (12,8) 
------------------------------------------------------------

Generacion 2 Fitness: 417.16
------------------------------------------------------------

TD10: (cantidad de pedidos asignados 13)(12,8) (27,6) (9,48) (19,5) (12,8) (1,49) (12,8) (23,7) (43,2) (28,0) (12,8) (65,44) (64,4) (12,8) (46,14) (12,8) (12,8) (12,8) (21,7) (12,8) (12,8) (12,8) (49,26) (12,8) (12,8) (12,8) (6,21) (12,8) 
TB01: (cantidad de pedidos asignados 9)(12,8) (8,20) (10,42) (64,28) (54,9) (10,1) (12,8) (17,2) (43,16) (21,5) (12,8) (12,8) (12,8) (12,8) (12,8) (13,10) (12,8) 
TA02: (cantidad de pedidos asignados 8)(12,8) (42,35) (55,45) (61,40) (64,28) (25,44) (55,35) (12,8) (18,28) (5,28) (12,8) 
TA01: (cantidad de pedidos asignados 9)(12,8) (9,48) (10,44) (56,41) (41,9) (28,6) (12,8) (12,8) (12,8) (29,7) (12,8) (57,3) (16,28) (12,8) (12,8) (12,8) (16,10) (12,8) 
TD07: (cantidad de pedidos asignados 9)(12,8) (58,47) (12,8) (41,23) (12,8) (62,14) (12,8) (17,40) (21,13) (12,8) (21,41) (12,8) (69,21) (12,8) (12,8) (12,8) (28,7) (12,8) (12,8) (12,8) (12,8) (12,8) (39,5) (12,8) 
TD06: (cantidad de pedidos asignados 7)(12,8) (4,25) (20,43) (40,31) (12,8) (8,23) (12,8) (42,20) (12,8) (12,8) (12,8) (12,8) (12,8) (15,19) (12,8) (12,8) (24,2) (12,8) 
TD05: (cantidad de pedidos asignados 15)(12,8) (62,33) (12,8) (62,33) (5,0) (12,8) (27,19) (12,8) (67,31) (12,8) (22,6) (12,8) (60,41) (12,40) (12,8) (2,8) (8,10) (12,8) (42,17) (29,20) (12,8) (43,33) (12,8) (1,17) (12,8) (12,8) (11,40) (12,8) 
TD04: (cantidad de pedidos asignados 7)(12,8) (65,38) (12,8) (66,2) (12,8) (56,5) (12,8) (47,2) (12,8) (21,28) (12,8) (12,8) (12,8) (29,26) (20,28) (12,8) 
TD03: (cantidad de pedidos asignados 7)(12,8) (66,41) (12,8) (37,21) (12,8) (15,6) (12,8) (34,48) (12,47) (12,8) (48,43) (12,8) (12,8) (12,8) (12,8) (12,8) (2,4) (12,8) 
TC04: (cantidad de pedidos asignados 12)(12,8) (2,26) (18,35) (14,47) (12,8) (50,19) (53,13) (12,8) (68,25) (37,19) (12,8) (69,24) (58,8) (59,19) (12,8) (12,8) (12,8) (0,46) (12,8) (12,8) (11,6) (12,8) 
TC03: (cantidad de pedidos asignados 13)(12,8) (47,11) (32,46) (63,26) (35,36) (12,8) (45,8) (13,7) (12,8) (62,30) (54,30) (12,8) (43,0) (28,37) (12,8) (5,39) (11,45) (12,8) (12,8) (12,8) (12,8) (12,8) (12,8) (12,8) (12,8) (12,8) (12,8) (12,8) (12,8) (17,31) (12,8) 
TD02: (cantidad de pedidos asignados 15)(12,8) (41,32) (12,8) (29,12) (12,8) (41,12) (12,8) (51,37) (12,8) (64,7) (62,7) (61,2) (12,8) (5,13) (53,26) (19,10) (12,8) (12,8) (20,47) (12,8) (19,20) (16,36) (12,8) (12,8) (58,0) (12,8) (12,8) (12,8) (12,8) (14,13) (12,8) 
TB04: (cantidad de pedidos asignados 8)(12,8) (24,5) (21,35) (31,27) (37,12) (12,8) (6,16) (32,28) (55,37) (32,24) (12,8) 
TC02: (cantidad de pedidos asignados 8)(12,8) (68,2) (61,3) (46,45) (4,6) (12,8) (49,22) (16,16) (12,8) (12,8) (15,7) (12,8) (9,25) (12,8) 
TB03: (cantidad de pedidos asignados 11)(12,8) (40,19) (41,19) (55,21) (54,23) (46,5) (12,8) (42,5) (39,49) (29,13) (13,44) (12,8) (12,8) (12,8) (12,8) (64,27) (62,8) (12,8) 
TD01: (cantidad de pedidos asignados 5)(12,8) (61,18) (12,8) (0,9) (12,8) (28,4) (12,8) (46,23) (12,8) (12,8) (12,8) (12,8) (12,8) (12,8) (7,5) (12,8) 
TC01: (cantidad de pedidos asignados 10)(12,8) (60,9) (52,25) (10,16) (30,29) (12,8) (68,20) (63,20) (56,10) (12,8) (12,8) (57,1) (50,18) (27,13) (12,8) 
TB02: (cantidad de pedidos asignados 8)(12,8) (14,6) (48,14) (64,40) (56,37) (47,11) (12,8) (13,23) (25,26) (12,8) (35,1) (12,8) 
TD09: (cantidad de pedidos asignados 10)(12,8) (16,13) (12,8) (15,34) (48,7) (12,8) (56,13) (63,3) (67,15) (12,8) (43,42) (69,45) (12,8) (35,44) (12,8) (12,8) (12,8) (12,8) (12,8) (59,20) (12,8) 
TD08: (cantidad de pedidos asignados 16)(12,8) (46,26) (12,8) (46,18) (12,8) (44,2) (12,8) (8,39) (12,8) (59,48) (69,49) (12,8) (18,49) (12,8) (15,41) (12,8) (32,42) (9,44) (4,6) (12,8) (12,8) (12,8) (41,45) (58,8) (12,8) (5,2) (12,8) (65,2) (12,8) (12,8) (12,8) (51,17) (12,8) 
------------------------------------------------------------

Generacion 3 Fitness: 417.16
------------------------------------------------------------

TD10: (cantidad de pedidos asignados 13)(12,8) (27,6) (9,48) (19,5) (12,8) (1,49) (12,8) (23,7) (43,2) (28,0) (12,8) (65,44) (64,4) (12,8) (46,14) (12,8) (12,8) (12,8) (21,7) (12,8) (12,8) (12,8) (49,26) (12,8) (12,8) (12,8) (6,21) (12,8) 
TB01: (cantidad de pedidos asignados 9)(12,8) (8,20) (10,42) (64,28) (54,9) (10,1) (12,8) (17,2) (43,16) (21,5) (12,8) (12,8) (12,8) (12,8) (12,8) (13,10) (12,8) 
TA02: (cantidad de pedidos asignados 8)(12,8) (42,35) (55,45) (61,40) (64,28) (25,44) (55,35) (12,8) (18,28) (5,28) (12,8) 
TA01: (cantidad de pedidos asignados 9)(12,8) (9,48) (10,44) (56,41) (41,9) (28,6) (12,8) (12,8) (12,8) (29,7) (12,8) (57,3) (16,28) (12,8) (12,8) (12,8) (16,10) (12,8) 
TD07: (cantidad de pedidos asignados 9)(12,8) (58,47) (12,8) (41,23) (12,8) (62,14) (12,8) (17,40) (21,13) (12,8) (21,41) (12,8) (69,21) (12,8) (12,8) (12,8) (28,7) (12,8) (12,8) (12,8) (12,8) (12,8) (39,5) (12,8) 
TD06: (cantidad de pedidos asignados 7)(12,8) (4,25) (20,43) (40,31) (12,8) (8,23) (12,8) (42,20) (12,8) (12,8) (12,8) (12,8) (12,8) (15,19) (12,8) (12,8) (24,2) (12,8) 
TD05: (cantidad de pedidos asignados 15)(12,8) (62,33) (12,8) (62,33) (5,0) (12,8) (27,19) (12,8) (67,31) (12,8) (22,6) (12,8) (60,41) (12,40) (12,8) (2,8) (8,10) (12,8) (42,17) (29,20) (12,8) (43,33) (12,8) (1,17) (12,8) (12,8) (11,40) (12,8) 
TD04: (cantidad de pedidos asignados 7)(12,8) (65,38) (12,8) (66,2) (12,8) (56,5) (12,8) (47,2) (12,8) (21,28) (12,8) (12,8) (12,8) (29,26) (20,28) (12,8) 
TD03: (cantidad de pedidos asignados 7)(12,8) (66,41) (12,8) (37,21) (12,8) (15,6) (12,8) (34,48) (12,47) (12,8) (48,43) (12,8) (12,8) (12,8) (12,8) (12,8) (2,4) (12,8) 
TC04: (cantidad de pedidos asignados 12)(12,8) (2,26) (18,35) (14,47) (12,8) (50,19) (53,13) (12,8) (68,25) (37,19) (12,8) (69,24) (58,8) (59,19) (12,8) (12,8) (12,8) (0,46) (12,8) (12,8) (11,6) (12,8) 
TC03: (cantidad de pedidos asignados 13)(12,8) (47,11) (32,46) (63,26) (35,36) (12,8) (45,8) (13,7) (12,8) (62,30) (54,30) (12,8) (43,0) (28,37) (12,8) (5,39) (11,45) (12,8) (12,8) (12,8) (12,8) (12,8) (12,8) (12,8) (12,8) (12,8) (12,8) (12,8) (12,8) (17,31) (12,8) 
TD02: (cantidad de pedidos asignados 15)(12,8) (41,32) (12,8) (29,12) (12,8) (41,12) (12,8) (51,37) (12,8) (64,7) (62,7) (61,2) (12,8) (5,13) (53,26) (19,10) (12,8) (12,8) (20,47) (12,8) (19,20) (16,36) (12,8) (12,8) (58,0) (12,8) (12,8) (12,8) (12,8) (14,13) (12,8) 
TB04: (cantidad de pedidos asignados 8)(12,8) (24,5) (21,35) (31,27) (37,12) (12,8) (6,16) (32,28) (55,37) (32,24) (12,8) 
TC02: (cantidad de pedidos asignados 8)(12,8) (68,2) (61,3) (46,45) (4,6) (12,8) (49,22) (16,16) (12,8) (12,8) (15,7) (12,8) (9,25) (12,8) 
TB03: (cantidad de pedidos asignados 11)(12,8) (40,19) (41,19) (55,21) (54,23) (46,5) (12,8) (42,5) (39,49) (29,13) (13,44) (12,8) (12,8) (12,8) (12,8) (64,27) (62,8) (12,8) 
TD01: (cantidad de pedidos asignados 5)(12,8) (61,18) (12,8) (0,9) (12,8) (28,4) (12,8) (46,23) (12,8) (12,8) (12,8) (12,8) (12,8) (12,8) (7,5) (12,8) 
TC01: (cantidad de pedidos asignados 10)(12,8) (60,9) (52,25) (10,16) (30,29) (12,8) (68,20) (63,20) (56,10) (12,8) (12,8) (57,1) (50,18) (27,13) (12,8) 
TB02: (cantidad de pedidos asignados 8)(12,8) (14,6) (48,14) (64,40) (56,37) (47,11) (12,8) (13,23) (25,26) (12,8) (35,1) (12,8) 
TD09: (cantidad de pedidos asignados 10)(12,8) (16,13) (12,8) (15,34) (48,7) (12,8) (56,13) (63,3) (67,15) (12,8) (43,42) (69,45) (12,8) (35,44) (12,8) (12,8) (12,8) (12,8) (12,8) (59,20) (12,8) 
TD08: (cantidad de pedidos asignados 16)(12,8) (46,26) (12,8) (46,18) (12,8) (44,2) (12,8) (8,39) (12,8) (59,48) (69,49) (12,8) (18,49) (12,8) (15,41) (12,8) (32,42) (9,44) (4,6) (12,8) (12,8) (12,8) (41,45) (58,8) (12,8) (5,2) (12,8) (65,2) (12,8) (12,8) (12,8) (51,17) (12,8) 
------------------------------------------------------------

Generacion 4 Fitness: 413.9133333333333
------------------------------------------------------------

TD10: (cantidad de pedidos asignados 15)(12,8) (41,32) (12,8) (61,18) (12,8) (62,30) (12,8) (46,14) (12,8) (17,31) (40,31) (12,8) (13,44) (42,20) (12,8) (32,28) (12,8) (12,8) (12,8) (59,19) (12,8) (43,16) (12,8) (12,8) (12,8) (12,8) (12,8) (60,41) (63,26) (12,8) (17,2) (12,8) (12,8) (12,8) (12,8) (12,8) (12,8) (12,8) (12,8) (12,8) (12,8) (12,8) (1,49) (12,8) 
TB01: (cantidad de pedidos asignados 8)(12,8) (21,41) (5,39) (67,31) (55,37) (19,10) (12,8) (4,6) (15,19) (69,24) (12,8) 
TA02: (cantidad de pedidos asignados 9)(12,8) (45,8) (24,2) (40,19) (54,9) (23,7) (25,44) (12,47) (12,8) (12,8) (11,6) (12,8) (12,8) (12,8) (12,8) (11,45) (12,8) 
TA01: (cantidad de pedidos asignados 9)(12,8) (37,19) (41,12) (55,35) (55,45) (55,21) (27,13) (12,8) (12,8) (27,6) (12,8) (12,8) (12,8) (12,8) (35,1) (41,9) (12,8) 
TD07: (cantidad de pedidos asignados 8)(12,8) (52,25) (12,8) (5,28) (12,8) (46,26) (12,8) (14,13) (14,47) (10,44) (12,8) (12,8) (12,8) (12,8) (12,8) (12,8) (12,8) (12,8) (0,9) (12,8) (12,8) (12,8) (12,8) (7,5) (12,8) 
TD06: (cantidad de pedidos asignados 7)(12,8) (1,17) (12,8) (50,19) (4,25) (12,8) (64,7) (12,8) (68,2) (12,8) (61,3) (12,8) (12,8) (12,8) (64,28) (12,8) 
TD05: (cantidad de pedidos asignados 11)(12,8) (13,23) (12,8) (68,20) (12,8) (43,33) (12,8) (65,2) (12,8) (8,20) (12,8) (48,43) (12,8) (41,45) (31,27) (28,0) (12,8) (14,6) (12,8) (12,8) (16,10) (12,8) 
TD04: (cantidad de pedidos asignados 8)(12,8) (59,48) (64,4) (12,8) (35,44) (12,8) (62,8) (58,8) (12,8) (12,8) (12,8) (47,2) (12,8) (12,8) (12,8) (12,8) (12,8) (69,21) (12,8) (5,0) (12,8) 
TD03: (cantidad de pedidos asignados 10)(12,8) (58,0) (12,8) (2,4) (12,8) (66,41) (12,8) (39,5) (12,8) (9,48) (32,42) (64,40) (12,8) (12,8) (12,8) (29,20) (12,8) (12,8) (12,8) (12,8) (12,8) (12,8) (12,8) (12,8) (12,8) (28,4) (12,8) (12,8) (64,28) (12,8) 
TC04: (cantidad de pedidos asignados 10)(12,8) (2,8) (17,40) (19,20) (12,8) (25,26) (18,35) (5,13) (12,8) (12,8) (63,20) (60,9) (68,25) (12,8) (12,8) (12,8) (12,8) (12,8) (12,8) (12,8) (12,8) (12,8) (12,8) (12,8) (12,8) (21,7) (12,8) 
TB04: (cantidad de pedidos asignados 14)(12,8) (43,0) (56,5) (12,40) (8,39) (12,8) (28,6) (29,26) (35,36) (65,38) (58,47) (43,42) (12,8) (12,8) (12,8) (12,8) (42,17) (28,7) (12,8) (12,8) (12,8) (12,8) (24,5) (12,8) (30,29) (12,8) 
TD02: (cantidad de pedidos asignados 13)(12,8) (16,13) (12,8) (2,26) (12,8) (46,18) (12,8) (27,19) (12,8) (62,33) (12,8) (19,5) (15,41) (20,43) (43,2) (12,8) (6,21) (12,8) (12,8) (21,13) (12,8) (12,8) (12,8) (12,8) (12,8) (61,40) (12,8) (12,8) (64,27) (12,8) 
TC03: (cantidad de pedidos asignados 15)(12,8) (42,5) (37,21) (12,8) (18,28) (49,26) (54,30) (46,5) (12,8) (66,2) (8,23) (12,8) (54,23) (32,46) (34,48) (12,8) (21,35) (12,8) (12,8) (57,3) (47,11) (13,7) (12,8) 
TC02: (cantidad de pedidos asignados 6)(12,8) (41,19) (62,33) (62,7) (12,8) (28,37) (9,25) (16,16) (12,8) 
TB03: (cantidad de pedidos asignados 8)(12,8) (51,17) (49,22) (56,10) (57,1) (12,8) (9,44) (56,41) (12,8) (12,8) (12,8) (56,13) (15,7) (12,8) 
TD01: (cantidad de pedidos asignados 9)(12,8) (8,10) (0,46) (12,8) (58,8) (48,7) (12,8) (15,6) (12,8) (63,3) (61,2) (12,8) (12,8) (20,28) (12,8) (12,8) (12,8) (12,8) (12,8) (16,36) (12,8) 
TB02: (cantidad de pedidos asignados 9)(12,8) (41,23) (56,37) (46,45) (48,14) (12,8) (16,28) (51,37) (39,49) (21,28) (12,8) (12,8) (12,8) (10,1) (12,8) 
TC01: (cantidad de pedidos asignados 6)(12,8) (18,49) (11,40) (12,8) (65,44) (53,26) (12,8) (46,23) (12,8) (12,8) (21,5) (12,8) 
TD09: (cantidad de pedidos asignados 12)(12,8) (50,18) (37,12) (12,8) (29,12) (12,8) (59,20) (67,15) (12,8) (15,34) (69,45) (12,8) (12,8) (10,42) (12,8) (9,48) (4,6) (12,8) (12,8) (12,8) (12,8) (12,8) (12,8) (29,7) (29,13) (12,8) 
TD08: (cantidad de pedidos asignados 13)(12,8) (5,2) (10,16) (12,8) (62,14) (12,8) (42,35) (12,8) (44,2) (47,11) (12,8) (53,13) (12,8) (22,6) (12,8) (6,16) (20,47) (69,49) (12,8) (12,8) (12,8) (12,8) (12,8) (12,8) (12,8) (12,8) (32,24) (12,8) (12,8) (12,8) (12,8) (12,8) (13,10) (12,8) 
------------------------------------------------------------

Generacion 5 Fitness: 413.9133333333333
------------------------------------------------------------

TD10: (cantidad de pedidos asignados 15)(12,8) (41,32) (12,8) (61,18) (12,8) (62,30) (12,8) (46,14) (12,8) (17,31) (40,31) (12,8) (13,44) (42,20) (12,8) (32,28) (12,8) (12,8) (12,8) (59,19) (12,8) (43,16) (12,8) (12,8) (12,8) (12,8) (12,8) (60,41) (63,26) (12,8) (17,2) (12,8) (12,8) (12,8) (12,8) (12,8) (12,8) (12,8) (12,8) (12,8) (12,8) (12,8) (1,49) (12,8) 
TB01: (cantidad de pedidos asignados 8)(12,8) (21,41) (5,39) (67,31) (55,37) (19,10) (12,8) (4,6) (15,19) (69,24) (12,8) 
TA02: (cantidad de pedidos asignados 9)(12,8) (45,8) (24,2) (40,19) (54,9) (23,7) (25,44) (12,47) (12,8) (12,8) (11,6) (12,8) (12,8) (12,8) (12,8) (11,45) (12,8) 
TA01: (cantidad de pedidos asignados 9)(12,8) (37,19) (41,12) (55,35) (55,45) (55,21) (27,13) (12,8) (12,8) (27,6) (12,8) (12,8) (12,8) (12,8) (35,1) (41,9) (12,8) 
TD07: (cantidad de pedidos asignados 8)(12,8) (52,25) (12,8) (5,28) (12,8) (46,26) (12,8) (14,13) (14,47) (10,44) (12,8) (12,8) (12,8) (12,8) (12,8) (12,8) (12,8) (12,8) (0,9) (12,8) (12,8) (12,8) (12,8) (7,5) (12,8) 
TD06: (cantidad de pedidos asignados 7)(12,8) (1,17) (12,8) (50,19) (4,25) (12,8) (64,7) (12,8) (68,2) (12,8) (61,3) (12,8) (12,8) (12,8) (64,28) (12,8) 
TD05: (cantidad de pedidos asignados 11)(12,8) (13,23) (12,8) (68,20) (12,8) (43,33) (12,8) (65,2) (12,8) (8,20) (12,8) (48,43) (12,8) (41,45) (31,27) (28,0) (12,8) (14,6) (12,8) (12,8) (16,10) (12,8) 
TD04: (cantidad de pedidos asignados 8)(12,8) (59,48) (64,4) (12,8) (35,44) (12,8) (62,8) (58,8) (12,8) (12,8) (12,8) (47,2) (12,8) (12,8) (12,8) (12,8) (12,8) (69,21) (12,8) (5,0) (12,8) 
TD03: (cantidad de pedidos asignados 10)(12,8) (58,0) (12,8) (2,4) (12,8) (66,41) (12,8) (39,5) (12,8) (9,48) (32,42) (64,40) (12,8) (12,8) (12,8) (29,20) (12,8) (12,8) (12,8) (12,8) (12,8) (12,8) (12,8) (12,8) (12,8) (28,4) (12,8) (12,8) (64,28) (12,8) 
TC04: (cantidad de pedidos asignados 10)(12,8) (2,8) (17,40) (19,20) (12,8) (25,26) (18,35) (5,13) (12,8) (12,8) (63,20) (60,9) (68,25) (12,8) (12,8) (12,8) (12,8) (12,8) (12,8) (12,8) (12,8) (12,8) (12,8) (12,8) (12,8) (21,7) (12,8) 
TB04: (cantidad de pedidos asignados 14)(12,8) (43,0) (56,5) (12,40) (8,39) (12,8) (28,6) (29,26) (35,36) (65,38) (58,47) (43,42) (12,8) (12,8) (12,8) (12,8) (42,17) (28,7) (12,8) (12,8) (12,8) (12,8) (24,5) (12,8) (30,29) (12,8) 
TD02: (cantidad de pedidos asignados 13)(12,8) (16,13) (12,8) (2,26) (12,8) (46,18) (12,8) (27,19) (12,8) (62,33) (12,8) (19,5) (15,41) (20,43) (43,2) (12,8) (6,21) (12,8) (12,8) (21,13) (12,8) (12,8) (12,8) (12,8) (12,8) (61,40) (12,8) (12,8) (64,27) (12,8) 
TC03: (cantidad de pedidos asignados 15)(12,8) (42,5) (37,21) (12,8) (18,28) (49,26) (54,30) (46,5) (12,8) (66,2) (8,23) (12,8) (54,23) (32,46) (34,48) (12,8) (21,35) (12,8) (12,8) (57,3) (47,11) (13,7) (12,8) 
TC02: (cantidad de pedidos asignados 6)(12,8) (41,19) (62,33) (62,7) (12,8) (28,37) (9,25) (16,16) (12,8) 
TB03: (cantidad de pedidos asignados 8)(12,8) (51,17) (49,22) (56,10) (57,1) (12,8) (9,44) (56,41) (12,8) (12,8) (12,8) (56,13) (15,7) (12,8) 
TD01: (cantidad de pedidos asignados 9)(12,8) (8,10) (0,46) (12,8) (58,8) (48,7) (12,8) (15,6) (12,8) (63,3) (61,2) (12,8) (12,8) (20,28) (12,8) (12,8) (12,8) (12,8) (12,8) (16,36) (12,8) 
TB02: (cantidad de pedidos asignados 9)(12,8) (41,23) (56,37) (46,45) (48,14) (12,8) (16,28) (51,37) (39,49) (21,28) (12,8) (12,8) (12,8) (10,1) (12,8) 
TC01: (cantidad de pedidos asignados 6)(12,8) (18,49) (11,40) (12,8) (65,44) (53,26) (12,8) (46,23) (12,8) (12,8) (21,5) (12,8) 
TD09: (cantidad de pedidos asignados 12)(12,8) (50,18) (37,12) (12,8) (29,12) (12,8) (59,20) (67,15) (12,8) (15,34) (69,45) (12,8) (12,8) (10,42) (12,8) (9,48) (4,6) (12,8) (12,8) (12,8) (12,8) (12,8) (12,8) (29,7) (29,13) (12,8) 
TD08: (cantidad de pedidos asignados 13)(12,8) (5,2) (10,16) (12,8) (62,14) (12,8) (42,35) (12,8) (44,2) (47,11) (12,8) (53,13) (12,8) (22,6) (12,8) (6,16) (20,47) (69,49) (12,8) (12,8) (12,8) (12,8) (12,8) (12,8) (12,8) (12,8) (32,24) (12,8) (12,8) (12,8) (12,8) (12,8) (13,10) (12,8) 
------------------------------------------------------------

Generacion 6 Fitness: 413.9133333333333
------------------------------------------------------------

TD10: (cantidad de pedidos asignados 15)(12,8) (41,32) (12,8) (61,18) (12,8) (62,30) (12,8) (46,14) (12,8) (17,31) (40,31) (12,8) (13,44) (42,20) (12,8) (32,28) (12,8) (12,8) (12,8) (59,19) (12,8) (43,16) (12,8) (12,8) (12,8) (12,8) (12,8) (60,41) (63,26) (12,8) (17,2) (12,8) (12,8) (12,8) (12,8) (12,8) (12,8) (12,8) (12,8) (12,8) (12,8) (12,8) (1,49) (12,8) 
TB01: (cantidad de pedidos asignados 8)(12,8) (21,41) (5,39) (67,31) (55,37) (19,10) (12,8) (4,6) (15,19) (69,24) (12,8) 
TA02: (cantidad de pedidos asignados 9)(12,8) (45,8) (24,2) (40,19) (54,9) (23,7) (25,44) (12,47) (12,8) (12,8) (11,6) (12,8) (12,8) (12,8) (12,8) (11,45) (12,8) 
TA01: (cantidad de pedidos asignados 9)(12,8) (37,19) (41,12) (55,35) (55,45) (55,21) (27,13) (12,8) (12,8) (27,6) (12,8) (12,8) (12,8) (12,8) (35,1) (41,9) (12,8) 
TD07: (cantidad de pedidos asignados 8)(12,8) (52,25) (12,8) (5,28) (12,8) (46,26) (12,8) (14,13) (14,47) (10,44) (12,8) (12,8) (12,8) (12,8) (12,8) (12,8) (12,8) (12,8) (0,9) (12,8) (12,8) (12,8) (12,8) (7,5) (12,8) 
TD06: (cantidad de pedidos asignados 7)(12,8) (1,17) (12,8) (50,19) (4,25) (12,8) (64,7) (12,8) (68,2) (12,8) (61,3) (12,8) (12,8) (12,8) (64,28) (12,8) 
TD05: (cantidad de pedidos asignados 11)(12,8) (13,23) (12,8) (68,20) (12,8) (43,33) (12,8) (65,2) (12,8) (8,20) (12,8) (48,43) (12,8) (41,45) (31,27) (28,0) (12,8) (14,6) (12,8) (12,8) (16,10) (12,8) 
TD04: (cantidad de pedidos asignados 8)(12,8) (59,48) (64,4) (12,8) (35,44) (12,8) (62,8) (58,8) (12,8) (12,8) (12,8) (47,2) (12,8) (12,8) (12,8) (12,8) (12,8) (69,21) (12,8) (5,0) (12,8) 
TD03: (cantidad de pedidos asignados 10)(12,8) (58,0) (12,8) (2,4) (12,8) (66,41) (12,8) (39,5) (12,8) (9,48) (32,42) (64,40) (12,8) (12,8) (12,8) (29,20) (12,8) (12,8) (12,8) (12,8) (12,8) (12,8) (12,8) (12,8) (12,8) (28,4) (12,8) (12,8) (64,28) (12,8) 
TC04: (cantidad de pedidos asignados 10)(12,8) (2,8) (17,40) (19,20) (12,8) (25,26) (18,35) (5,13) (12,8) (12,8) (63,20) (60,9) (68,25) (12,8) (12,8) (12,8) (12,8) (12,8) (12,8) (12,8) (12,8) (12,8) (12,8) (12,8) (12,8) (21,7) (12,8) 
TB04: (cantidad de pedidos asignados 14)(12,8) (43,0) (56,5) (12,40) (8,39) (12,8) (28,6) (29,26) (35,36) (65,38) (58,47) (43,42) (12,8) (12,8) (12,8) (12,8) (42,17) (28,7) (12,8) (12,8) (12,8) (12,8) (24,5) (12,8) (30,29) (12,8) 
TD02: (cantidad de pedidos asignados 13)(12,8) (16,13) (12,8) (2,26) (12,8) (46,18) (12,8) (27,19) (12,8) (62,33) (12,8) (19,5) (15,41) (20,43) (43,2) (12,8) (6,21) (12,8) (12,8) (21,13) (12,8) (12,8) (12,8) (12,8) (12,8) (61,40) (12,8) (12,8) (64,27) (12,8) 
TC03: (cantidad de pedidos asignados 15)(12,8) (42,5) (37,21) (12,8) (18,28) (49,26) (54,30) (46,5) (12,8) (66,2) (8,23) (12,8) (54,23) (32,46) (34,48) (12,8) (21,35) (12,8) (12,8) (57,3) (47,11) (13,7) (12,8) 
TC02: (cantidad de pedidos asignados 6)(12,8) (41,19) (62,33) (62,7) (12,8) (28,37) (9,25) (16,16) (12,8) 
TB03: (cantidad de pedidos asignados 8)(12,8) (51,17) (49,22) (56,10) (57,1) (12,8) (9,44) (56,41) (12,8) (12,8) (12,8) (56,13) (15,7) (12,8) 
TD01: (cantidad de pedidos asignados 9)(12,8) (8,10) (0,46) (12,8) (58,8) (48,7) (12,8) (15,6) (12,8) (63,3) (61,2) (12,8) (12,8) (20,28) (12,8) (12,8) (12,8) (12,8) (12,8) (16,36) (12,8) 
TB02: (cantidad de pedidos asignados 9)(12,8) (41,23) (56,37) (46,45) (48,14) (12,8) (16,28) (51,37) (39,49) (21,28) (12,8) (12,8) (12,8) (10,1) (12,8) 
TC01: (cantidad de pedidos asignados 6)(12,8) (18,49) (11,40) (12,8) (65,44) (53,26) (12,8) (46,23) (12,8) (12,8) (21,5) (12,8) 
TD09: (cantidad de pedidos asignados 12)(12,8) (50,18) (37,12) (12,8) (29,12) (12,8) (59,20) (67,15) (12,8) (15,34) (69,45) (12,8) (12,8) (10,42) (12,8) (9,48) (4,6) (12,8) (12,8) (12,8) (12,8) (12,8) (12,8) (29,7) (29,13) (12,8) 
TD08: (cantidad de pedidos asignados 13)(12,8) (5,2) (10,16) (12,8) (62,14) (12,8) (42,35) (12,8) (44,2) (47,11) (12,8) (53,13) (12,8) (22,6) (12,8) (6,16) (20,47) (69,49) (12,8) (12,8) (12,8) (12,8) (12,8) (12,8) (12,8) (12,8) (32,24) (12,8) (12,8) (12,8) (12,8) (12,8) (13,10) (12,8) 
------------------------------------------------------------

Generacion 7 Fitness: 413.85333333333335
------------------------------------------------------------

TA02: (cantidad de pedidos asignados 4)(12,8) (32,28) (52,25) (37,19) (13,7) (12,8) 
TB01: (cantidad de pedidos asignados 15)(12,8) (39,5) (57,3) (65,44) (58,8) (12,8) (37,21) (62,30) (43,16) (4,6) (13,10) (12,8) (12,8) (21,35) (8,20) (12,8) (12,8) (55,37) (64,28) (9,44) (12,8) (12,8) (12,8) (12,8) (12,8) (12,8) (12,8) (12,8) (12,8) (12,8) (12,8) (12,8) (10,42) (12,8) 
TD10: (cantidad de pedidos asignados 12)(12,8) (15,6) (58,8) (12,8) (68,25) (12,8) (15,19) (27,6) (12,8) (7,5) (12,8) (11,45) (41,45) (12,8) (61,40) (12,8) (1,49) (12,8) (69,49) (62,8) (12,8) 
TA01: (cantidad de pedidos asignados 8)(12,8) (56,41) (69,45) (46,14) (27,13) (24,2) (28,0) (41,9) (12,8) (12,8) (12,8) (10,1) (12,8) 
TD07: (cantidad de pedidos asignados 5)(12,8) (21,41) (12,8) (51,37) (4,6) (12,8) (21,13) (12,8) (12,8) (12,8) (12,8) (12,8) (49,22) (12,8) 
TD06: (cantidad de pedidos asignados 9)(12,8) (48,7) (29,7) (12,8) (46,18) (12,8) (59,48) (63,3) (12,8) (32,24) (12,8) (64,7) (12,8) (12,8) (12,8) (4,25) (46,23) (12,8) 
TD05: (cantidad de pedidos asignados 10)(12,8) (59,19) (12,8) (27,19) (12,8) (24,5) (12,8) (17,2) (12,8) (18,49) (12,8) (47,11) (29,20) (12,8) (62,14) (12,8) (16,10) (12,8) (12,8) (12,8) (12,8) (12,8) (12,8) (12,8) (12,8) (12,8) (12,8) (25,44) (12,8) 
TD04: (cantidad de pedidos asignados 8)(12,8) (35,44) (12,8) (67,31) (12,8) (69,21) (12,8) (48,14) (12,8) (5,0) (48,43) (12,8) (12,8) (43,33) (12,8) (65,2) (12,8) 
TC04: (cantidad de pedidos asignados 14)(12,8) (56,10) (50,19) (64,28) (20,43) (12,8) (17,40) (9,48) (63,20) (42,20) (29,26) (12,8) (43,42) (65,38) (41,23) (12,8) (53,13) (12,8) (12,8) (12,8) (12,8) (19,20) (12,8) 
TD03: (cantidad de pedidos asignados 11)(12,8) (2,26) (12,8) (43,0) (12,8) (56,37) (12,47) (12,8) (55,35) (12,8) (8,39) (12,8) (5,39) (53,26) (12,8) (66,41) (12,8) (15,41) (42,35) (12,8) 
TD02: (cantidad de pedidos asignados 15)(12,8) (58,0) (12,8) (58,47) (12,8) (62,33) (12,8) (47,11) (62,7) (12,8) (66,2) (12,8) (42,5) (12,8) (14,13) (12,8) (61,2) (61,3) (12,8) (16,36) (12,8) (19,10) (12,8) (5,13) (12,8) (12,8) (12,8) (12,8) (12,8) (12,8) (21,5) (12,8) (12,8) (12,8) (12,8) (12,8) (12,8) (12,8) (12,8) (12,8) (12,8) (12,8) (12,8) (12,8) (12,8) (12,8) (12,8) (12,8) (12,8) (12,8) (12,8) (12,8) (12,8) (12,8) (12,8) (12,8) (16,16) (12,8) 
TC03: (cantidad de pedidos asignados 13)(12,8) (45,8) (61,18) (12,8) (1,17) (32,46) (12,8) (18,35) (23,7) (51,17) (12,8) (55,45) (2,4) (12,8) (12,8) (12,40) (60,41) (54,30) (59,20) (12,8) 
TB04: (cantidad de pedidos asignados 10)(12,8) (54,9) (49,26) (21,28) (20,28) (42,17) (12,8) (2,8) (35,36) (50,18) (12,8) (11,6) (69,24) (12,8) 
TC02: (cantidad de pedidos asignados 7)(12,8) (9,25) (39,49) (64,40) (46,45) (12,8) (68,2) (57,1) (12,8) (12,8) (41,19) (12,8) 
TB03: (cantidad de pedidos asignados 12)(12,8) (5,28) (8,23) (16,13) (12,8) (34,48) (64,27) (68,20) (54,23) (46,5) (12,8) (28,4) (12,8) (31,27) (25,26) (12,8) (44,2) (12,8) 
TD01: (cantidad de pedidos asignados 12)(12,8) (28,7) (19,5) (43,2) (12,8) (62,33) (12,8) (8,10) (6,16) (12,8) (18,28) (40,31) (12,8) (12,8) (14,47) (0,46) (12,8) (15,7) (12,8) (12,8) (12,8) (12,8) (12,8) (12,8) (12,8) (12,8) (12,8) (12,8) (12,8) (12,8) (12,8) (12,8) (21,7) (12,8) 
TC01: (cantidad de pedidos asignados 7)(12,8) (41,32) (13,44) (12,8) (28,37) (30,29) (28,6) (56,5) (12,8) (12,8) (12,8) (12,8) (0,9) (12,8) 
TB02: (cantidad de pedidos asignados 2)(12,8) (14,6) (16,28) (12,8) 
TD09: (cantidad de pedidos asignados 12)(12,8) (9,48) (15,34) (12,8) (13,23) (12,8) (29,13) (12,8) (56,13) (37,12) (12,8) (22,6) (12,8) (6,21) (12,8) (12,8) (12,8) (12,8) (12,8) (32,42) (12,8) (12,8) (12,8) (12,8) (12,8) (12,8) (12,8) (12,8) (12,8) (12,8) (12,8) (60,9) (67,15) (12,8) (12,8) (12,8) (12,8) (29,12) (12,8) 
TD08: (cantidad de pedidos asignados 14)(12,8) (46,26) (12,8) (55,21) (20,47) (12,8) (47,2) (12,8) (5,2) (10,44) (12,8) (40,19) (12,8) (10,16) (63,26) (64,4) (12,8) (12,8) (12,8) (17,31) (35,1) (12,8) (12,8) (12,8) (12,8) (12,8) (12,8) (12,8) (12,8) (12,8) (12,8) (11,40) (12,8) (12,8) (12,8) (12,8) (12,8) (12,8) (12,8) (12,8) (12,8) (12,8) (41,12) (12,8) 
------------------------------------------------------------

Generacion 8 Fitness: 423.2333333333334
------------------------------------------------------------

TA02: (cantidad de pedidos asignados 4)(12,8) (32,28) (52,25) (37,19) (13,7) (12,8) 
TB01: (cantidad de pedidos asignados 15)(12,8) (8,20) (37,21) (21,35) (12,8) (9,44) (64,28) (39,5) (57,3) (12,8) (4,6) (65,44) (55,37) (58,8) (43,16) (12,8) (13,10) (10,42) (62,30) (12,8) 
TD10: (cantidad de pedidos asignados 12)(12,8) (1,49) (11,45) (12,8) (61,40) (12,8) (7,5) (41,45) (69,49) (12,8) (15,19) (58,8) (12,8) (27,6) (12,8) (12,8) (12,8) (12,8) (12,8) (62,8) (12,8) (12,8) (12,8) (12,8) (12,8) (12,8) (68,25) (12,8) (12,8) (12,8) (12,8) (15,6) (12,8) 
TA01: (cantidad de pedidos asignados 8)(12,8) (24,2) (46,14) (27,13) (41,9) (69,45) (56,41) (28,0) (10,1) (12,8) 
TD07: (cantidad de pedidos asignados 5)(12,8) (21,41) (12,8) (51,37) (12,8) (21,13) (12,8) (49,22) (12,8) (12,8) (12,8) (12,8) (12,8) (12,8) (12,8) (12,8) (12,8) (12,8) (12,8) (4,6) (12,8) 
TD06: (cantidad de pedidos asignados 9)(12,8) (48,7) (46,23) (12,8) (46,18) (12,8) (32,24) (4,25) (12,8) (29,7) (64,7) (63,3) (12,8) (12,8) (12,8) (12,8) (12,8) (12,8) (12,8) (59,48) (12,8) 
TD05: (cantidad de pedidos asignados 10)(12,8) (59,19) (12,8) (62,14) (12,8) (27,19) (12,8) (25,44) (47,11) (12,8) (16,10) (29,20) (12,8) (24,5) (12,8) (12,8) (17,2) (12,8) (12,8) (12,8) (12,8) (12,8) (18,49) (12,8) 
TD04: (cantidad de pedidos asignados 8)(12,8) (67,31) (12,8) (69,21) (12,8) (35,44) (12,8) (48,14) (12,8) (65,2) (12,8) (48,43) (5,0) (12,8) (12,8) (43,33) (12,8) 
TC04: (cantidad de pedidos asignados 14)(12,8) (17,40) (65,38) (63,20) (43,42) (12,8) (64,28) (42,20) (53,13) (12,8) (19,20) (56,10) (50,19) (12,8) (12,8) (12,8) (20,43) (41,23) (12,8) (12,8) (12,8) (29,26) (12,8) (12,8) (12,8) (12,8) (12,8) (12,8) (12,8) (12,8) (12,8) (12,8) (12,8) (12,8) (12,8) (12,8) (12,8) (12,8) (9,48) (12,8) 
TD03: (cantidad de pedidos asignados 11)(12,8) (43,0) (12,8) (55,35) (15,41) (12,8) (56,37) (12,8) (66,41) (12,8) (5,39) (53,26) (12,8) (42,35) (12,47) (12,8) (2,26) (12,8) (12,8) (12,8) (12,8) (8,39) (12,8) 
TD02: (cantidad de pedidos asignados 15)(12,8) (16,36) (62,7) (12,8) (16,16) (12,8) (21,5) (12,8) (61,3) (61,2) (12,8) (42,5) (12,8) (66,2) (12,8) (5,13) (47,11) (12,8) (12,8) (19,10) (12,8) (12,8) (12,8) (14,13) (12,8) (58,0) (12,8) (62,33) (12,8) (12,8) (12,8) (12,8) (12,8) (12,8) (58,47) (12,8) 
TC03: (cantidad de pedidos asignados 13)(12,8) (61,18) (51,17) (12,8) (32,46) (60,41) (59,20) (12,40) (12,8) (55,45) (18,35) (12,8) (23,7) (12,8) (45,8) (1,17) (12,8) (12,8) (12,8) (54,30) (2,4) (12,8) 
TB04: (cantidad de pedidos asignados 10)(12,8) (2,8) (50,18) (69,24) (49,26) (42,17) (12,8) (20,28) (54,9) (21,28) (35,36) (12,8) (12,8) (12,8) (12,8) (12,8) (11,6) (12,8) 
TC02: (cantidad de pedidos asignados 7)(12,8) (9,25) (41,19) (39,49) (12,8) (46,45) (64,40) (68,2) (12,8) (12,8) (12,8) (12,8) (12,8) (12,8) (12,8) (12,8) (12,8) (12,8) (12,8) (57,1) (12,8) 
TB03: (cantidad de pedidos asignados 12)(12,8) (68,20) (25,26) (28,4) (12,8) (5,28) (34,48) (64,27) (31,27) (46,5) (12,8) (12,8) (54,23) (44,2) (8,23) (16,13) (12,8) 
TD01: (cantidad de pedidos asignados 12)(12,8) (18,28) (8,10) (12,8) (15,7) (12,8) (0,46) (14,47) (40,31) (12,8) (43,2) (19,5) (12,8) (21,7) (12,8) (12,8) (12,8) (62,33) (12,8) (6,16) (12,8) (12,8) (12,8) (12,8) (12,8) (12,8) (12,8) (28,7) (12,8) 
TC01: (cantidad de pedidos asignados 7)(12,8) (13,44) (28,37) (30,29) (0,9) (12,8) (41,32) (28,6) (56,5) (12,8) 
TB02: (cantidad de pedidos asignados 2)(12,8) (14,6) (16,28) (12,8) 
TD09: (cantidad de pedidos asignados 12)(12,8) (29,12) (12,8) (60,9) (32,42) (12,8) (6,21) (12,8) (13,23) (12,8) (67,15) (56,13) (37,12) (12,8) (15,34) (12,8) (22,6) (12,8) (12,8) (12,8) (12,8) (29,13) (12,8) (9,48) (12,8) 
TD08: (cantidad de pedidos asignados 14)(12,8) (11,40) (12,8) (40,19) (12,8) (47,2) (12,8) (10,44) (55,21) (12,8) (63,26) (64,4) (35,1) (12,8) (12,8) (12,8) (20,47) (12,8) (10,16) (12,8) (12,8) (17,31) (12,8) (12,8) (12,8) (46,26) (12,8) (12,8) (12,8) (12,8) (12,8) (12,8) (5,2) (12,8) (12,8) (12,8) (12,8) (12,8) (12,8) (12,8) (41,12) (12,8) 
------------------------------------------------------------

Generacion 9 Fitness: 419.8533333333333
------------------------------------------------------------

TD10: (cantidad de pedidos asignados 16)(12,8) (48,7) (62,8) (12,8) (1,49) (11,45) (12,8) (68,25) (12,8) (7,5) (15,6) (12,8) (65,38) (12,8) (27,6) (12,8) (12,8) (61,40) (12,8) (21,7) (12,8) (42,17) (69,49) (49,26) (12,8) (12,8) (12,8) (12,8) (12,8) (12,8) (55,21) (12,8) (12,8) (12,8) (12,8) (12,8) (12,8) (12,8) (12,8) (12,8) (12,8) (12,8) (12,8) (19,5) (12,8) 
TB01: (cantidad de pedidos asignados 12)(12,8) (62,33) (65,44) (57,3) (58,8) (12,8) (8,20) (10,42) (64,28) (43,16) (12,8) (12,8) (12,8) (37,21) (12,8) (12,8) (10,1) (12,8) (12,8) (17,2) (12,8) (13,10) (12,8) 
TA02: (cantidad de pedidos asignados 9)(12,8) (25,44) (42,35) (62,14) (64,28) (52,25) (12,8) (37,19) (40,19) (18,28) (12,8) (12,8) (27,13) (12,8) 
TA01: (cantidad de pedidos asignados 8)(12,8) (24,2) (9,48) (56,41) (68,20) (28,0) (16,10) (12,8) (12,8) (46,14) (41,9) (12,8) 
TD07: (cantidad de pedidos asignados 8)(12,8) (41,23) (12,8) (2,4) (28,7) (12,8) (58,47) (12,8) (39,5) (12,8) (21,41) (12,8) (12,8) (12,8) (12,8) (12,8) (21,13) (17,40) (12,8) 
TD06: (cantidad de pedidos asignados 12)(12,8) (14,6) (4,25) (12,8) (8,23) (12,8) (64,7) (43,2) (12,8) (46,23) (57,1) (12,8) (59,48) (12,8) (20,43) (5,39) (12,8) (32,24) (12,8) (12,8) (12,8) (12,8) (12,8) (12,8) (12,8) (12,8) (12,8) (12,8) (12,8) (15,19) (12,8) 
TD05: (cantidad de pedidos asignados 12)(12,8) (59,19) (12,8) (61,3) (67,15) (12,8) (8,10) (10,16) (12,8) (29,20) (12,8) (62,33) (12,8) (18,35) (12,8) (51,17) (14,47) (12,8) (1,17) (12,8) (12,8) (12,8) (12,8) (12,8) (12,8) (12,8) (12,8) (12,8) (27,19) (12,8) 
TD04: (cantidad de pedidos asignados 10)(12,8) (48,43) (12,8) (69,21) (12,8) (48,14) (29,26) (12,8) (65,2) (12,8) (5,0) (44,2) (12,8) (12,8) (12,8) (12,8) (12,8) (67,31) (12,8) (12,8) (22,6) (12,8) (56,5) (12,8) 
TD03: (cantidad de pedidos asignados 7)(12,8) (66,41) (12,8) (34,48) (32,42) (12,47) (12,8) (43,0) (12,8) (42,20) (12,8) (12,8) (12,8) (12,8) (12,8) (12,8) (16,36) (12,8) 
TC04: (cantidad de pedidos asignados 11)(12,8) (56,10) (58,8) (17,31) (11,6) (12,8) (4,6) (0,46) (46,45) (43,42) (50,19) (19,20) (12,8) (12,8) (53,13) (12,8) 
TC03: (cantidad de pedidos asignados 15)(12,8) (55,45) (55,35) (23,7) (12,8) (62,30) (59,20) (13,7) (12,8) (60,41) (54,30) (45,8) (12,8) (32,46) (9,48) (8,39) (12,8) (61,18) (42,5) (12,8) (12,40) (12,8) 
TB04: (cantidad de pedidos asignados 15)(12,8) (32,28) (66,2) (54,9) (64,4) (6,16) (12,8) (21,35) (43,33) (55,37) (69,24) (12,8) (37,12) (35,36) (2,8) (12,8) (12,8) (12,8) (20,28) (12,8) (12,8) (12,8) (12,8) (12,8) (12,8) (12,8) (12,8) (12,8) (21,28) (12,8) (12,8) (24,5) (12,8) 
TD02: (cantidad de pedidos asignados 11)(12,8) (47,11) (12,8) (16,16) (12,8) (6,21) (5,13) (12,8) (58,0) (12,8) (41,32) (12,8) (62,7) (53,26) (14,13) (12,8) (21,5) (12,8) (12,8) (12,8) (12,8) (12,8) (19,10) (12,8) 
TC02: (cantidad de pedidos asignados 5)(12,8) (68,2) (49,22) (12,8) (9,25) (4,6) (12,8) (15,7) (12,8) 
TB03: (cantidad de pedidos asignados 8)(12,8) (5,28) (13,44) (28,4) (31,27) (12,8) (64,27) (54,23) (41,19) (46,5) (12,8) 
TD01: (cantidad de pedidos asignados 1)(12,8) (40,31) (12,8) 
TC01: (cantidad de pedidos asignados 9)(12,8) (0,9) (50,18) (63,20) (12,8) (10,44) (28,37) (2,26) (12,8) (28,6) (30,29) (60,9) (12,8) 
TB02: (cantidad de pedidos asignados 8)(12,8) (13,23) (46,18) (47,2) (47,11) (12,8) (56,37) (64,40) (25,26) (12,8) (12,8) (12,8) (12,8) (12,8) (35,1) (12,8) 
TD09: (cantidad de pedidos asignados 9)(12,8) (29,12) (12,8) (56,13) (63,3) (69,45) (12,8) (29,13) (15,34) (12,8) (16,13) (12,8) (35,44) (12,8) (12,8) (12,8) (12,8) (12,8) (12,8) (12,8) (29,7) (12,8) 
TD08: (cantidad de pedidos asignados 14)(12,8) (41,12) (12,8) (18,49) (12,8) (46,26) (12,8) (20,47) (9,44) (12,8) (5,2) (12,8) (15,41) (11,40) (12,8) (12,8) (41,45) (61,2) (63,26) (12,8) (12,8) (12,8) (12,8) (12,8) (12,8) (12,8) (12,8) (12,8) (12,8) (39,49) (12,8) (12,8) (51,37) (12,8) (12,8) (12,8) (12,8) (12,8) (12,8) (16,28) (12,8) 
------------------------------------------------------------

Generacion 10 Fitness: 419.4066666666667
------------------------------------------------------------

TA02: (cantidad de pedidos asignados 5)(12,8) (58,0) (42,17) (42,35) (41,23) (12,47) (12,8) 
TB01: (cantidad de pedidos asignados 8)(12,8) (50,19) (64,40) (41,45) (55,37) (47,2) (40,31) (12,8) (29,7) (12,8) (12,8) (12,8) (12,8) (12,8) (21,41) (12,8) 
TD10: (cantidad de pedidos asignados 10)(12,8) (52,25) (12,8) (13,44) (6,16) (12,8) (48,14) (12,8) (2,4) (12,8) (42,20) (56,10) (12,8) (20,28) (12,8) (12,8) (12,8) (12,8) (12,8) (40,19) (12,8) (12,8) (12,8) (1,49) (12,8) 
TA01: (cantidad de pedidos asignados 7)(12,8) (41,19) (41,12) (62,7) (4,6) (41,9) (46,26) (55,45) (12,8) 
TD07: (cantidad de pedidos asignados 10)(12,8) (7,5) (14,13) (12,8) (58,8) (53,26) (43,42) (12,8) (10,44) (12,8) (10,42) (10,16) (12,8) (18,28) (12,8) (12,8) (12,8) (12,8) (12,8) (12,8) (12,8) (12,8) (5,39) (12,8) 
TD06: (cantidad de pedidos asignados 11)(12,8) (9,48) (14,47) (12,8) (64,7) (19,10) (12,8) (48,43) (35,36) (12,8) (62,33) (12,8) (12,8) (69,49) (61,3) (12,8) (32,24) (12,8) (12,8) (12,8) (12,8) (12,8) (12,8) (64,28) (12,8) 
TD05: (cantidad de pedidos asignados 12)(12,8) (39,5) (28,0) (12,8) (1,17) (12,8) (29,12) (12,8) (51,37) (12,8) (37,19) (12,8) (43,33) (12,8) (14,6) (12,8) (12,8) (16,10) (31,27) (12,8) (12,8) (12,8) (59,19) (12,8) (12,8) (12,8) (12,8) (12,8) (12,8) (12,8) (17,2) (12,8) 
TD04: (cantidad de pedidos asignados 10)(12,8) (50,18) (54,23) (12,8) (23,7) (5,0) (21,13) (12,8) (64,4) (69,21) (12,8) (67,31) (12,8) (42,5) (12,8) (12,8) (12,8) (12,8) (58,8) (12,8) 
TC04: (cantidad de pedidos asignados 11)(12,8) (24,2) (18,35) (9,48) (12,8) (43,16) (68,2) (60,9) (12,8) (5,2) (62,14) (5,13) (12,8) (12,8) (2,8) (0,46) (12,8) 
TD03: (cantidad de pedidos asignados 11)(12,8) (65,2) (12,8) (32,46) (11,45) (12,8) (27,6) (12,8) (60,41) (4,25) (12,8) (64,28) (28,37) (12,8) (12,8) (15,41) (12,8) (8,20) (12,8) (28,4) (12,8) 
TB04: (cantidad de pedidos asignados 12)(12,8) (51,17) (61,18) (56,5) (12,8) (49,22) (65,38) (53,13) (12,8) (12,40) (29,26) (49,26) (12,8) (28,6) (8,39) (43,0) (12,8) 
TD02: (cantidad de pedidos asignados 12)(12,8) (16,13) (12,8) (0,9) (12,8) (46,18) (12,8) (11,40) (20,43) (12,8) (43,2) (12,8) (27,19) (12,8) (41,32) (12,8) (57,3) (12,8) (12,8) (12,8) (12,8) (19,5) (12,8) (12,8) (12,8) (12,8) (12,8) (66,2) (12,8) (12,8) (12,8) (12,8) (12,8) (12,8) (12,8) (12,8) (12,8) (12,8) (12,8) (12,8) (64,27) (12,8) 
TC03: (cantidad de pedidos asignados 14)(12,8) (15,7) (61,40) (61,2) (12,8) (37,21) (29,13) (46,5) (12,8) (18,49) (54,30) (46,14) (12,8) (2,26) (12,8) (12,8) (21,35) (15,19) (12,8) (12,8) (12,8) (12,8) (13,7) (12,8) (12,8) (12,8) (12,8) (12,8) (12,8) (12,8) (12,8) (12,8) (12,8) (12,8) (12,8) (12,8) (12,8) (12,8) (12,8) (12,8) (12,8) (8,23) (12,8) 
TD01: (cantidad de pedidos asignados 9)(12,8) (35,44) (12,8) (68,25) (12,8) (16,36) (30,29) (12,8) (27,13) (48,7) (19,20) (12,8) (8,10) (12,8) (47,11) (12,8) 
TB03: (cantidad de pedidos asignados 8)(12,8) (9,44) (56,41) (69,45) (16,16) (12,8) (11,6) (57,1) (12,8) (4,6) (13,23) (12,8) 
TC02: (cantidad de pedidos asignados 6)(12,8) (69,24) (63,26) (62,30) (12,8) (25,44) (46,45) (62,8) (12,8) 
TB02: (cantidad de pedidos asignados 9)(12,8) (21,28) (66,41) (56,37) (63,20) (12,8) (32,28) (54,9) (68,20) (32,42) (12,8) (12,8) (12,8) (12,8) (12,8) (12,8) (12,8) (12,8) (12,8) (12,8) (12,8) (34,48) (12,8) 
TC01: (cantidad de pedidos asignados 8)(12,8) (17,31) (58,47) (47,11) (12,8) (21,5) (56,13) (12,8) (55,21) (46,23) (25,26) (12,8) 
TD09: (cantidad de pedidos asignados 13)(12,8) (15,6) (15,34) (12,8) (29,20) (9,25) (12,8) (44,2) (37,12) (63,3) (12,8) (35,1) (12,8) (62,33) (12,8) (67,15) (59,20) (12,8) (12,8) (12,8) (45,8) (12,8) (12,8) (12,8) (12,8) (6,21) (12,8) 
TD08: (cantidad de pedidos asignados 14)(12,8) (24,5) (12,8) (21,7) (12,8) (17,40) (10,1) (12,8) (65,44) (12,8) (28,7) (16,28) (12,8) (22,6) (12,8) (12,8) (55,35) (12,8) (5,28) (12,8) (12,8) (13,10) (12,8) (12,8) (59,48) (12,8) (39,49) (20,47) (12,8) 
------------------------------------------------------------

Generacion 11 Fitness: 403.8
------------------------------------------------------------

TA02: (cantidad de pedidos asignados 5)(12,8) (58,0) (42,35) (41,23) (42,17) (12,47) (12,8) 
TB01: (cantidad de pedidos asignados 8)(12,8) (47,2) (50,19) (40,31) (55,37) (64,40) (41,45) (12,8) (12,8) (29,7) (12,8) (12,8) (12,8) (12,8) (12,8) (12,8) (12,8) (12,8) (12,8) (12,8) (12,8) (21,41) (12,8) 
TD10: (cantidad de pedidos asignados 10)(12,8) (40,19) (12,8) (2,4) (6,16) (12,8) (13,44) (12,8) (52,25) (12,8) (42,20) (48,14) (12,8) (20,28) (12,8) (56,10) (12,8) (12,8) (12,8) (1,49) (12,8) 
TA01: (cantidad de pedidos asignados 7)(12,8) (46,26) (55,45) (41,9) (41,19) (62,7) (41,12) (12,8) (12,8) (12,8) (12,8) (12,8) (4,6) (12,8) 
TD07: (cantidad de pedidos asignados 10)(12,8) (18,28) (10,44) (12,8) (10,42) (43,42) (12,8) (5,39) (14,13) (10,16) (12,8) (58,8) (53,26) (12,8) (12,8) (7,5) (12,8) 
TD06: (cantidad de pedidos asignados 11)(12,8) (64,7) (19,10) (12,8) (48,43) (69,49) (12,8) (9,48) (35,36) (12,8) (62,33) (14,47) (12,8) (12,8) (61,3) (12,8) (12,8) (12,8) (32,24) (12,8) (12,8) (12,8) (12,8) (12,8) (12,8) (12,8) (64,28) (12,8) 
TD05: (cantidad de pedidos asignados 12)(12,8) (29,12) (12,8) (43,33) (12,8) (17,2) (12,8) (59,19) (12,8) (1,17) (12,8) (39,5) (12,8) (16,10) (31,27) (28,0) (12,8) (12,8) (12,8) (12,8) (14,6) (12,8) (12,8) (37,19) (12,8) (12,8) (12,8) (12,8) (12,8) (12,8) (12,8) (12,8) (51,37) (12,8) 
TD04: (cantidad de pedidos asignados 10)(12,8) (69,21) (54,23) (12,8) (67,31) (12,8) (21,13) (23,7) (5,0) (12,8) (50,18) (12,8) (12,8) (12,8) (64,4) (42,5) (12,8) (58,8) (12,8) 
TC04: (cantidad de pedidos asignados 11)(12,8) (62,14) (60,9) (12,8) (5,2) (68,2) (43,16) (12,8) (5,13) (2,8) (12,8) (12,8) (0,46) (12,8) (9,48) (18,35) (12,8) (12,8) (12,8) (12,8) (12,8) (24,2) (12,8) 
TD03: (cantidad de pedidos asignados 11)(12,8) (28,4) (12,8) (8,20) (12,8) (32,46) (4,25) (12,8) (64,28) (12,8) (60,41) (28,37) (12,8) (15,41) (11,45) (12,8) (65,2) (12,8) (27,6) (12,8) 
TB04: (cantidad de pedidos asignados 12)(12,8) (43,0) (61,18) (49,22) (12,8) (65,38) (53,13) (51,17) (56,5) (12,8) (49,26) (29,26) (12,8) (8,39) (12,40) (12,8) (12,8) (12,8) (12,8) (12,8) (12,8) (12,8) (12,8) (12,8) (12,8) (12,8) (28,6) (12,8) 
TD02: (cantidad de pedidos asignados 12)(12,8) (16,13) (12,8) (46,18) (12,8) (41,32) (12,8) (11,40) (20,43) (12,8) (64,27) (12,8) (0,9) (12,8) (12,8) (12,8) (12,8) (43,2) (12,8) (12,8) (27,19) (12,8) (12,8) (12,8) (12,8) (19,5) (12,8) (12,8) (12,8) (66,2) (12,8) (12,8) (12,8) (12,8) (12,8) (12,8) (12,8) (12,8) (57,3) (12,8) 
TC03: (cantidad de pedidos asignados 14)(12,8) (2,26) (46,14) (54,30) (12,8) (29,13) (37,21) (12,8) (18,49) (8,23) (12,8) (13,7) (12,8) (61,40) (61,2) (46,5) (15,19) (12,8) (21,35) (12,8) (12,8) (12,8) (12,8) (12,8) (12,8) (12,8) (12,8) (15,7) (12,8) 
TD01: (cantidad de pedidos asignados 9)(12,8) (16,36) (12,8) (68,25) (12,8) (48,7) (8,10) (12,8) (27,13) (30,29) (19,20) (12,8) (12,8) (47,11) (12,8) (35,44) (12,8) 
TB03: (cantidad de pedidos asignados 8)(12,8) (9,44) (56,41) (69,45) (57,1) (11,6) (12,8) (4,6) (16,16) (12,8) (12,8) (13,23) (12,8) 
TC02: (cantidad de pedidos asignados 6)(12,8) (69,24) (62,30) (63,26) (12,8) (62,8) (25,44) (46,45) (12,8) 
TB02: (cantidad de pedidos asignados 9)(12,8) (32,28) (56,37) (34,48) (32,42) (12,8) (68,20) (63,20) (66,41) (12,8) (12,8) (21,28) (54,9) (12,8) 
TC01: (cantidad de pedidos asignados 8)(12,8) (58,47) (55,21) (12,8) (46,23) (25,26) (17,31) (12,8) (47,11) (56,13) (12,8) (12,8) (12,8) (21,5) (12,8) 
TD09: (cantidad de pedidos asignados 13)(12,8) (44,2) (35,1) (12,8) (62,33) (12,8) (9,25) (15,34) (12,8) (59,20) (63,3) (29,20) (12,8) (37,12) (67,15) (12,8) (6,21) (12,8) (15,6) (12,8) (12,8) (12,8) (12,8) (12,8) (12,8) (12,8) (12,8) (12,8) (45,8) (12,8) 
TD08: (cantidad de pedidos asignados 14)(12,8) (22,6) (12,8) (59,48) (12,8) (16,28) (12,8) (65,44) (12,8) (17,40) (10,1) (12,8) (28,7) (13,10) (12,8) (21,7) (12,8) (24,5) (12,8) (12,8) (20,47) (39,49) (12,8) (12,8) (55,35) (12,8) (12,8) (12,8) (12,8) (12,8) (12,8) (12,8) (12,8) (12,8) (5,28) (12,8) 
------------------------------------------------------------

Generacion 12 Fitness: 409.74
------------------------------------------------------------

TA02: (cantidad de pedidos asignados 5)(12,8) (42,35) (58,0) (42,17) (41,23) (12,47) (12,8) 
TB01: (cantidad de pedidos asignados 8)(12,8) (21,41) (64,40) (50,19) (41,45) (55,37) (40,31) (12,8) (12,8) (29,7) (12,8) (12,8) (12,8) (12,8) (12,8) (12,8) (12,8) (12,8) (12,8) (47,2) (12,8) 
TD10: (cantidad de pedidos asignados 10)(12,8) (2,4) (12,8) (52,25) (12,8) (20,28) (6,16) (12,8) (13,44) (12,8) (56,10) (12,8) (12,8) (1,49) (12,8) (12,8) (12,8) (12,8) (40,19) (12,8) (12,8) (12,8) (48,14) (42,20) (12,8) 
TA01: (cantidad de pedidos asignados 7)(12,8) (41,12) (55,45) (62,7) (41,19) (46,26) (41,9) (12,8) (12,8) (12,8) (12,8) (12,8) (12,8) (12,8) (12,8) (12,8) (12,8) (12,8) (4,6) (12,8) 
TD07: (cantidad de pedidos asignados 10)(12,8) (18,28) (14,13) (12,8) (58,8) (53,26) (12,8) (5,39) (7,5) (12,8) (10,16) (12,8) (12,8) (12,8) (12,8) (12,8) (43,42) (10,44) (12,8) (10,42) (12,8) 
TD06: (cantidad de pedidos asignados 11)(12,8) (9,48) (35,36) (12,8) (61,3) (12,8) (62,33) (14,47) (12,8) (32,24) (19,10) (12,8) (48,43) (12,8) (69,49) (64,28) (12,8) (12,8) (12,8) (12,8) (12,8) (12,8) (12,8) (12,8) (12,8) (12,8) (12,8) (64,7) (12,8) 
TD05: (cantidad de pedidos asignados 12)(12,8) (29,12) (12,8) (17,2) (12,8) (43,33) (12,8) (1,17) (12,8) (16,10) (31,27) (12,8) (28,0) (51,37) (12,8) (12,8) (59,19) (12,8) (12,8) (14,6) (12,8) (12,8) (12,8) (12,8) (12,8) (37,19) (12,8) (12,8) (39,5) (12,8) 
TD04: (cantidad de pedidos asignados 10)(12,8) (67,31) (12,8) (50,18) (12,8) (21,13) (58,8) (12,8) (42,5) (54,23) (12,8) (64,4) (69,21) (12,8) (12,8) (12,8) (23,7) (12,8) (12,8) (12,8) (12,8) (5,0) (12,8) 
TC04: (cantidad de pedidos asignados 11)(12,8) (2,8) (62,14) (5,13) (12,8) (43,16) (68,2) (60,9) (12,8) (9,48) (12,8) (0,46) (18,35) (12,8) (12,8) (12,8) (12,8) (12,8) (12,8) (12,8) (12,8) (5,2) (24,2) (12,8) 
TD03: (cantidad de pedidos asignados 11)(12,8) (27,6) (12,8) (32,46) (11,45) (12,8) (8,20) (12,8) (64,28) (28,37) (12,8) (15,41) (60,41) (12,8) (65,2) (12,8) (12,8) (4,25) (12,8) (12,8) (12,8) (12,8) (12,8) (28,4) (12,8) 
TB04: (cantidad de pedidos asignados 12)(12,8) (43,0) (61,18) (65,38) (12,8) (49,26) (49,22) (56,5) (29,26) (12,8) (51,17) (53,13) (12,40) (8,39) (12,8) (12,8) (12,8) (28,6) (12,8) 
TD02: (cantidad de pedidos asignados 12)(12,8) (66,2) (12,8) (41,32) (12,8) (11,40) (20,43) (12,8) (0,9) (12,8) (16,13) (12,8) (64,27) (12,8) (19,5) (57,3) (12,8) (12,8) (12,8) (27,19) (12,8) (12,8) (12,8) (43,2) (12,8) (12,8) (12,8) (12,8) (12,8) (12,8) (12,8) (12,8) (12,8) (12,8) (12,8) (12,8) (46,18) (12,8) 
TC03: (cantidad de pedidos asignados 14)(12,8) (2,26) (61,40) (61,2) (12,8) (37,21) (18,49) (12,8) (46,14) (15,7) (12,8) (8,23) (21,35) (12,8) (29,13) (12,8) (12,8) (46,5) (54,30) (15,19) (12,8) (12,8) (12,8) (12,8) (12,8) (12,8) (12,8) (12,8) (12,8) (12,8) (12,8) (13,7) (12,8) 
TD01: (cantidad de pedidos asignados 9)(12,8) (35,44) (12,8) (16,36) (19,20) (12,8) (8,10) (12,8) (68,25) (12,8) (48,7) (30,29) (27,13) (12,8) (12,8) (12,8) (47,11) (12,8) 
TB03: (cantidad de pedidos asignados 8)(12,8) (16,16) (11,6) (9,44) (69,45) (56,41) (57,1) (12,8) (12,8) (13,23) (12,8) (4,6) (12,8) 
TC02: (cantidad de pedidos asignados 6)(12,8) (62,30) (25,44) (12,8) (62,8) (69,24) (46,45) (63,26) (12,8) 
TB02: (cantidad de pedidos asignados 9)(12,8) (66,41) (68,20) (54,9) (12,8) (32,28) (63,20) (56,37) (34,48) (12,8) (12,8) (32,42) (12,8) (12,8) (12,8) (12,8) (21,28) (12,8) 
TC01: (cantidad de pedidos asignados 8)(12,8) (58,47) (55,21) (46,23) (12,8) (21,5) (56,13) (47,11) (12,8) (25,26) (17,31) (12,8) 
TD09: (cantidad de pedidos asignados 13)(12,8) (45,8) (63,3) (12,8) (9,25) (15,34) (12,8) (44,2) (35,1) (12,8) (67,15) (59,20) (12,8) (29,20) (15,6) (12,8) (12,8) (12,8) (6,21) (37,12) (12,8) (12,8) (62,33) (12,8) 
TD08: (cantidad de pedidos asignados 14)(12,8) (5,28) (12,8) (55,35) (12,8) (22,6) (12,8) (59,48) (12,8) (24,5) (12,8) (28,7) (16,28) (12,8) (17,40) (13,10) (12,8) (21,7) (12,8) (10,1) (12,8) (12,8) (12,8) (20,47) (39,49) (12,8) (12,8) (12,8) (65,44) (12,8) 
------------------------------------------------------------

Generacion 13 Fitness: 408.58
------------------------------------------------------------

TA02: (cantidad de pedidos asignados 5)(12,8) (58,0) (42,35) (42,17) (41,23) (12,47) (12,8) 
TB01: (cantidad de pedidos asignados 8)(12,8) (50,19) (21,41) (41,45) (64,40) (55,37) (40,31) (12,8) (47,2) (12,8) (12,8) (12,8) (12,8) (12,8) (12,8) (12,8) (12,8) (12,8) (12,8) (29,7) (12,8) 
TD10: (cantidad de pedidos asignados 10)(12,8) (40,19) (12,8) (2,4) (12,8) (52,25) (12,8) (56,10) (12,8) (1,49) (6,16) (12,8) (12,8) (12,8) (48,14) (42,20) (12,8) (20,28) (12,8) (12,8) (13,44) (12,8) 
TA01: (cantidad de pedidos asignados 7)(12,8) (41,12) (41,9) (46,26) (41,19) (62,7) (55,45) (12,8) (4,6) (12,8) 
TD07: (cantidad de pedidos asignados 10)(12,8) (14,13) (18,28) (12,8) (58,8) (43,42) (10,44) (12,8) (7,5) (10,16) (12,8) (12,8) (12,8) (53,26) (5,39) (12,8) (12,8) (12,8) (12,8) (12,8) (10,42) (12,8) 
TD06: (cantidad de pedidos asignados 11)(12,8) (32,24) (19,10) (12,8) (62,33) (12,8) (9,48) (12,8) (48,43) (14,47) (12,8) (64,7) (12,8) (61,3) (69,49) (12,8) (35,36) (64,28) (12,8) 
TD05: (cantidad de pedidos asignados 12)(12,8) (17,2) (12,8) (43,33) (12,8) (29,12) (12,8) (37,19) (12,8) (1,17) (12,8) (14,6) (12,8) (16,10) (28,0) (31,27) (12,8) (12,8) (59,19) (12,8) (51,37) (12,8) (12,8) (12,8) (12,8) (39,5) (12,8) 
TD04: (cantidad de pedidos asignados 10)(12,8) (50,18) (54,23) (12,8) (58,8) (5,0) (12,8) (67,31) (12,8) (23,7) (12,8) (42,5) (12,8) (21,13) (12,8) (64,4) (69,21) (12,8) 
TC04: (cantidad de pedidos asignados 11)(12,8) (62,14) (43,16) (9,48) (12,8) (68,2) (18,35) (0,46) (12,8) (24,2) (5,2) (12,8) (60,9) (12,8) (12,8) (2,8) (5,13) (12,8) 
TD03: (cantidad de pedidos asignados 11)(12,8) (8,20) (12,8) (65,2) (12,8) (64,28) (11,45) (12,8) (27,6) (4,25) (12,8) (15,41) (60,41) (12,8) (12,8) (32,46) (28,37) (12,8) (28,4) (12,8) 
TB04: (cantidad de pedidos asignados 12)(12,8) (51,17) (53,13) (61,18) (12,40) (12,8) (8,39) (65,38) (49,22) (12,8) (49,26) (29,26) (43,0) (56,5) (12,8) (12,8) (12,8) (12,8) (12,8) (28,6) (12,8) 
TD02: (cantidad de pedidos asignados 12)(12,8) (41,32) (12,8) (11,40) (20,43) (12,8) (16,13) (12,8) (27,19) (12,8) (43,2) (19,5) (12,8) (66,2) (12,8) (12,8) (0,9) (12,8) (12,8) (64,27) (12,8) (57,3) (12,8) (12,8) (46,18) (12,8) 
TC03: (cantidad de pedidos asignados 14)(12,8) (8,23) (2,26) (46,5) (12,8) (29,13) (61,40) (13,7) (12,8) (46,14) (54,30) (61,2) (37,21) (12,8) (21,35) (12,8) (18,49) (15,7) (12,8) (12,8) (12,8) (12,8) (12,8) (12,8) (15,19) (12,8) 
TD01: (cantidad de pedidos asignados 9)(12,8) (48,7) (30,29) (19,20) (12,8) (47,11) (27,13) (12,8) (68,25) (12,8) (8,10) (12,8) (12,8) (12,8) (12,8) (35,44) (12,8) (12,8) (16,36) (12,8) 
TB03: (cantidad de pedidos asignados 8)(12,8) (11,6) (16,16) (9,44) (56,41) (69,45) (57,1) (12,8) (13,23) (12,8) (12,8) (4,6) (12,8) 
TC02: (cantidad de pedidos asignados 6)(12,8) (62,30) (69,24) (62,8) (12,8) (46,45) (63,26) (25,44) (12,8) 
TB02: (cantidad de pedidos asignados 9)(12,8) (56,37) (54,9) (21,28) (12,8) (68,20) (63,20) (66,41) (12,8) (12,8) (32,28) (32,42) (34,48) (12,8) 
TC01: (cantidad de pedidos asignados 8)(12,8) (25,26) (17,31) (12,8) (58,47) (46,23) (47,11) (56,13) (12,8) (12,8) (21,5) (55,21) (12,8) 
TD09: (cantidad de pedidos asignados 13)(12,8) (45,8) (37,12) (12,8) (15,34) (35,1) (63,3) (12,8) (6,21) (59,20) (12,8) (29,20) (9,25) (12,8) (67,15) (44,2) (12,8) (15,6) (12,8) (12,8) (12,8) (12,8) (12,8) (12,8) (62,33) (12,8) 
TD08: (cantidad de pedidos asignados 14)(12,8) (59,48) (12,8) (65,44) (10,1) (12,8) (24,5) (12,8) (16,28) (12,8) (21,7) (12,8) (20,47) (39,49) (12,8) (22,6) (12,8) (13,10) (12,8) (5,28) (12,8) (17,40) (12,8) (12,8) (12,8) (12,8) (55,35) (12,8) (12,8) (12,8) (12,8) (12,8) (12,8) (28,7) (12,8) 
------------------------------------------------------------

Generacion 14 Fitness: 401.4866666666667
------------------------------------------------------------

TA02: (cantidad de pedidos asignados 5)(12,8) (41,23) (42,17) (58,0) (42,35) (12,47) (12,8) 
TB01: (cantidad de pedidos asignados 8)(12,8) (47,2) (64,40) (50,19) (55,37) (41,45) (40,31) (12,8) (21,41) (12,8) (12,8) (29,7) (12,8) 
TD10: (cantidad de pedidos asignados 10)(12,8) (2,4) (12,8) (52,25) (12,8) (1,49) (6,16) (12,8) (48,14) (42,20) (12,8) (20,28) (12,8) (12,8) (56,10) (12,8) (40,19) (12,8) (13,44) (12,8) 
TA01: (cantidad de pedidos asignados 7)(12,8) (41,12) (41,9) (55,45) (62,7) (46,26) (41,19) (4,6) (12,8) 
TD07: (cantidad de pedidos asignados 10)(12,8) (10,42) (12,8) (18,28) (10,44) (12,8) (53,26) (43,42) (58,8) (12,8) (10,16) (5,39) (12,8) (12,8) (12,8) (12,8) (12,8) (12,8) (7,5) (12,8) (12,8) (12,8) (12,8) (14,13) (12,8) 
TD06: (cantidad de pedidos asignados 11)(12,8) (48,43) (35,36) (12,8) (64,7) (12,8) (9,48) (14,47) (12,8) (32,24) (12,8) (62,33) (69,49) (12,8) (12,8) (12,8) (12,8) (61,3) (19,10) (12,8) (12,8) (12,8) (64,28) (12,8) 
TD05: (cantidad de pedidos asignados 12)(12,8) (29,12) (12,8) (59,19) (12,8) (1,17) (12,8) (43,33) (12,8) (39,5) (12,8) (17,2) (12,8) (31,27) (16,10) (12,8) (37,19) (12,8) (12,8) (12,8) (14,6) (12,8) (12,8) (12,8) (12,8) (12,8) (51,37) (28,0) (12,8) 
TD04: (cantidad de pedidos asignados 10)(12,8) (69,21) (54,23) (12,8) (42,5) (64,4) (12,8) (67,31) (12,8) (21,13) (5,0) (12,8) (23,7) (58,8) (12,8) (12,8) (12,8) (12,8) (50,18) (12,8) 
TC04: (cantidad de pedidos asignados 11)(12,8) (18,35) (24,2) (12,8) (43,16) (60,9) (68,2) (12,8) (62,14) (0,46) (9,48) (12,8) (5,2) (12,8) (2,8) (12,8) (12,8) (12,8) (12,8) (5,13) (12,8) 
TD03: (cantidad de pedidos asignados 11)(12,8) (27,6) (12,8) (65,2) (12,8) (28,4) (12,8) (64,28) (4,25) (12,8) (32,46) (11,45) (12,8) (60,41) (28,37) (12,8) (12,8) (15,41) (12,8) (12,8) (12,8) (8,20) (12,8) 
TB04: (cantidad de pedidos asignados 12)(12,8) (53,13) (65,38) (43,0) (28,6) (12,8) (49,26) (49,22) (56,5) (51,17) (12,8) (29,26) (61,18) (12,8) (12,8) (12,40) (8,39) (12,8) 
TD02: (cantidad de pedidos asignados 12)(12,8) (16,13) (12,8) (11,40) (20,43) (12,8) (27,19) (12,8) (46,18) (12,8) (43,2) (12,8) (41,32) (12,8) (19,5) (57,3) (12,8) (12,8) (12,8) (12,8) (12,8) (12,8) (12,8) (64,27) (12,8) (66,2) (12,8) (0,9) (12,8) 
TC03: (cantidad de pedidos asignados 14)(12,8) (2,26) (37,21) (15,19) (12,8) (46,14) (29,13) (46,5) (12,8) (61,2) (61,40) (54,30) (12,8) (18,49) (13,7) (12,8) (8,23) (12,8) (12,8) (12,8) (15,7) (12,8) (12,8) (12,8) (12,8) (21,35) (12,8) 
TD01: (cantidad de pedidos asignados 9)(12,8) (35,44) (12,8) (47,11) (27,13) (12,8) (16,36) (12,8) (30,29) (48,7) (19,20) (12,8) (12,8) (8,10) (12,8) (12,8) (12,8) (12,8) (12,8) (12,8) (12,8) (12,8) (12,8) (12,8) (12,8) (12,8) (12,8) (12,8) (12,8) (12,8) (12,8) (12,8) (12,8) (12,8) (12,8) (12,8) (12,8) (12,8) (12,8) (12,8) (68,25) (12,8) 
TB03: (cantidad de pedidos asignados 8)(12,8) (13,23) (9,44) (11,6) (16,16) (12,8) (57,1) (69,45) (56,41) (12,8) (12,8) (12,8) (4,6) (12,8) 
TC02: (cantidad de pedidos asignados 6)(12,8) (25,44) (46,45) (62,8) (12,8) (69,24) (63,26) (62,30) (12,8) 
TB02: (cantidad de pedidos asignados 9)(12,8) (21,28) (56,37) (66,41) (63,20) (12,8) (54,9) (32,42) (32,28) (34,48) (12,8) (12,8) (12,8) (12,8) (12,8) (12,8) (68,20) (12,8) 
TC01: (cantidad de pedidos asignados 8)(12,8) (17,31) (25,26) (12,8) (46,23) (58,47) (47,11) (56,13) (12,8) (12,8) (21,5) (55,21) (12,8) 
TD09: (cantidad de pedidos asignados 13)(12,8) (62,33) (12,8) (44,2) (35,1) (12,8) (45,8) (63,3) (12,8) (9,25) (37,12) (12,8) (6,21) (59,20) (12,8) (29,20) (15,34) (12,8) (15,6) (12,8) (67,15) (12,8) 
TD08: (cantidad de pedidos asignados 14)(12,8) (21,7) (12,8) (55,35) (12,8) (59,48) (12,8) (22,6) (12,8) (16,28) (10,1) (12,8) (5,28) (12,8) (39,49) (13,10) (12,8) (12,8) (20,47) (17,40) (12,8) (12,8) (24,5) (12,8) (12,8) (12,8) (65,44) (12,8) (12,8) (12,8) (12,8) (12,8) (12,8) (12,8) (12,8) (12,8) (12,8) (12,8) (12,8) (12,8) (12,8) (12,8) (12,8) (12,8) (12,8) (12,8) (12,8) (12,8) (12,8) (12,8) (28,7) (12,8) 
------------------------------------------------------------

Generacion 15 Fitness: 401.4866666666667
------------------------------------------------------------

TA02: (cantidad de pedidos asignados 5)(12,8) (41,23) (42,17) (58,0) (42,35) (12,47) (12,8) 
TB01: (cantidad de pedidos asignados 8)(12,8) (47,2) (64,40) (50,19) (55,37) (41,45) (40,31) (12,8) (21,41) (12,8) (12,8) (29,7) (12,8) 
TD10: (cantidad de pedidos asignados 10)(12,8) (2,4) (12,8) (52,25) (12,8) (1,49) (6,16) (12,8) (48,14) (42,20) (12,8) (20,28) (12,8) (12,8) (56,10) (12,8) (40,19) (12,8) (13,44) (12,8) 
TA01: (cantidad de pedidos asignados 7)(12,8) (41,12) (41,9) (55,45) (62,7) (46,26) (41,19) (4,6) (12,8) 
TD07: (cantidad de pedidos asignados 10)(12,8) (10,42) (12,8) (18,28) (10,44) (12,8) (53,26) (43,42) (58,8) (12,8) (10,16) (5,39) (12,8) (12,8) (12,8) (12,8) (12,8) (12,8) (7,5) (12,8) (12,8) (12,8) (12,8) (14,13) (12,8) 
TD06: (cantidad de pedidos asignados 11)(12,8) (48,43) (35,36) (12,8) (64,7) (12,8) (9,48) (14,47) (12,8) (32,24) (12,8) (62,33) (69,49) (12,8) (12,8) (12,8) (12,8) (61,3) (19,10) (12,8) (12,8) (12,8) (64,28) (12,8) 
TD05: (cantidad de pedidos asignados 12)(12,8) (29,12) (12,8) (59,19) (12,8) (1,17) (12,8) (43,33) (12,8) (39,5) (12,8) (17,2) (12,8) (31,27) (16,10) (12,8) (37,19) (12,8) (12,8) (12,8) (14,6) (12,8) (12,8) (12,8) (12,8) (12,8) (51,37) (28,0) (12,8) 
TD04: (cantidad de pedidos asignados 10)(12,8) (69,21) (54,23) (12,8) (42,5) (64,4) (12,8) (67,31) (12,8) (21,13) (5,0) (12,8) (23,7) (58,8) (12,8) (12,8) (12,8) (12,8) (50,18) (12,8) 
TC04: (cantidad de pedidos asignados 11)(12,8) (18,35) (24,2) (12,8) (43,16) (60,9) (68,2) (12,8) (62,14) (0,46) (9,48) (12,8) (5,2) (12,8) (2,8) (12,8) (12,8) (12,8) (12,8) (5,13) (12,8) 
TD03: (cantidad de pedidos asignados 11)(12,8) (27,6) (12,8) (65,2) (12,8) (28,4) (12,8) (64,28) (4,25) (12,8) (32,46) (11,45) (12,8) (60,41) (28,37) (12,8) (12,8) (15,41) (12,8) (12,8) (12,8) (8,20) (12,8) 
TB04: (cantidad de pedidos asignados 12)(12,8) (53,13) (65,38) (43,0) (28,6) (12,8) (49,26) (49,22) (56,5) (51,17) (12,8) (29,26) (61,18) (12,8) (12,8) (12,40) (8,39) (12,8) 
TD02: (cantidad de pedidos asignados 12)(12,8) (16,13) (12,8) (11,40) (20,43) (12,8) (27,19) (12,8) (46,18) (12,8) (43,2) (12,8) (41,32) (12,8) (19,5) (57,3) (12,8) (12,8) (12,8) (12,8) (12,8) (12,8) (12,8) (64,27) (12,8) (66,2) (12,8) (0,9) (12,8) 
TC03: (cantidad de pedidos asignados 14)(12,8) (2,26) (37,21) (15,19) (12,8) (46,14) (29,13) (46,5) (12,8) (61,2) (61,40) (54,30) (12,8) (18,49) (13,7) (12,8) (8,23) (12,8) (12,8) (12,8) (15,7) (12,8) (12,8) (12,8) (12,8) (21,35) (12,8) 
TD01: (cantidad de pedidos asignados 9)(12,8) (35,44) (12,8) (47,11) (27,13) (12,8) (16,36) (12,8) (30,29) (48,7) (19,20) (12,8) (12,8) (8,10) (12,8) (12,8) (12,8) (12,8) (12,8) (12,8) (12,8) (12,8) (12,8) (12,8) (12,8) (12,8) (12,8) (12,8) (12,8) (12,8) (12,8) (12,8) (12,8) (12,8) (12,8) (12,8) (12,8) (12,8) (12,8) (12,8) (68,25) (12,8) 
TB03: (cantidad de pedidos asignados 8)(12,8) (13,23) (9,44) (11,6) (16,16) (12,8) (57,1) (69,45) (56,41) (12,8) (12,8) (12,8) (4,6) (12,8) 
TC02: (cantidad de pedidos asignados 6)(12,8) (25,44) (46,45) (62,8) (12,8) (69,24) (63,26) (62,30) (12,8) 
TB02: (cantidad de pedidos asignados 9)(12,8) (21,28) (56,37) (66,41) (63,20) (12,8) (54,9) (32,42) (32,28) (34,48) (12,8) (12,8) (12,8) (12,8) (12,8) (12,8) (68,20) (12,8) 
TC01: (cantidad de pedidos asignados 8)(12,8) (17,31) (25,26) (12,8) (46,23) (58,47) (47,11) (56,13) (12,8) (12,8) (21,5) (55,21) (12,8) 
TD09: (cantidad de pedidos asignados 13)(12,8) (62,33) (12,8) (44,2) (35,1) (12,8) (45,8) (63,3) (12,8) (9,25) (37,12) (12,8) (6,21) (59,20) (12,8) (29,20) (15,34) (12,8) (15,6) (12,8) (67,15) (12,8) 
TD08: (cantidad de pedidos asignados 14)(12,8) (21,7) (12,8) (55,35) (12,8) (59,48) (12,8) (22,6) (12,8) (16,28) (10,1) (12,8) (5,28) (12,8) (39,49) (13,10) (12,8) (12,8) (20,47) (17,40) (12,8) (12,8) (24,5) (12,8) (12,8) (12,8) (65,44) (12,8) (12,8) (12,8) (12,8) (12,8) (12,8) (12,8) (12,8) (12,8) (12,8) (12,8) (12,8) (12,8) (12,8) (12,8) (12,8) (12,8) (12,8) (12,8) (12,8) (12,8) (12,8) (12,8) (28,7) (12,8) 
------------------------------------------------------------

