13:13:30-13:19:32,00,24,34,24,34,13
13:02:25-14:07:03,08,17,08,34
15:14:08-14:07:40,05,20,19,20
14:18:18-14:03:59,17,50,17,58,34,58
15:21:15-14:01:47,07,49,42,49
13:05:48-15:17:29,12,35,03,35,03,58
13:13:36-13:01:42,00,32,04,32,04,12
14:16:06-15:08:38,37,10,25,10
15:07:16-15:11:02,41,61,10,61
13:11:56-15:21:33,03,07,34,07
14:20:52-15:10:32,16,25,16,57
14:02:58-13:13:34,10,54,10,65
13:03:44-15:23:20,46,35,46,15
15:23:54-13:05:04,19,05,23,05
15:06:16-14:06:59,47,50,47,29
14:23:02-13:05:07,19,38,19,20,00,20
14:13:03-15:12:51,20,23,07,23,07,65
13:18:48-15:23:45,34,29,34,31
15:15:43-15:07:44,28,36,28,03,33,03
15:10:06-14:15:07,37,05,37,29
13:17:22-15:20:03,40,58,30,58
15:11:22-13:21:55,26,13,48,13,48,55
15:14:22-15:12:49,07,51,07,21,23,21
15:09:53-15:21:29,20,46,12,46
15:06:42-14:05:06,16,03,16,66
15:04:20-13:21:33,38,51,31,51
14:06:58-13:06:11,22,03,40,03,40,04
14:17:18-14:10:43,07,35,07,44
13:18:11-14:07:12,46,03,37,03
13:23:30-15:00:52,27,18,27,39,45,39
13:13:50-15:14:57,26,64,34,64,34,58
15:22:05-15:05:42,21,45,21,04
13:07:28-15:18:43,26,01,22,01,22,49
13:04:21-14:21:01,00,65,46,65
15:03:43-15:05:54,40,58,15,58
13:18:05-14:06:33,39,28,39,56
15:18:53-15:13:38,06,23,10,23,10,63
15:04:31-15:03:32,08,30,08,07,22,07
13:20:35-14:02:01,32,11,32,61,10,61
15:21:54-15:21:06,05,63,00,63,00,19
15:18:59-15:11:07,27,39,27,47
13:17:12-13:01:08,04,45,49,45,49,44
13:16:03-14:18:13,23,61,32,61
15:20:33-14:06:26,48,52,25,52,25,64
13:11:14-13:21:30,03,57,03,47
15:10:30-14:05:17,45,27,13,27
15:00:57-14:16:57,13,56,13,15
13:20:38-13:07:49,17,66,17,19,49,19
13:04:22-14:12:12,00,03,00,44
13:21:20-15:22:13,35,30,11,30
